time	v
0.0	0.028171031949
0.0199999809265	0.0322292487455
0.039999961853	0.0342535623578
0.0600001811981	0.0342849314243
0.0800001621246	0.03448350738
0.100000143051	0.0340497612538
0.120000123978	0.0352797574766
0.140000104904	0.035885475095
0.160000085831	0.0438523689545
0.180000066757	0.0451321073425
0.200000047684	0.046983190512
0.22000002861	0.0476989609408
0.240000009537	0.0437226531028
0.259999990463	0.0486129111119
0.27999997139	0.054261337203
0.300000190735	0.0529798884685
0.320000171661	0.0606771225472
0.340000152588	0.0642999527605
0.360000133514	0.0713102534203
0.380000114441	0.0734786059922
0.400000095367	0.0774349427334
0.420000076294	0.0824513534484
0.44000005722	0.0914648867381
0.460000038147	0.0899530005509
0.480000019073	0.0941166984887
0.5	0.100970692338
0.519999980927	0.103875854508
0.539999961853	0.113452910785
0.560000181198	0.114707599324
0.580000162125	0.120303990927
0.600000143051	0.12341726315
0.620000123978	0.126979101685
0.640000104904	0.137675545914
0.660000085831	0.142879951584
0.680000066757	0.140925287087
0.700000047684	0.150547169822
0.72000002861	0.162762072517
0.740000009537	0.162525924004
0.759999990463	0.163113421416
0.77999997139	0.168768350858
0.800000190735	0.16992601407
0.820000171661	0.173673125572
0.840000152588	0.180402820727
0.860000133514	0.184049213524
0.880000114441	0.186499122175
0.900000095367	0.186722808655
0.920000076294	0.195782581479
0.94000005722	0.197281846887
0.960000038147	0.199456713667
0.980000019073	0.204016696006
1.0	0.204787398736
1.01999998093	0.197669613433
1.03999996185	0.202682506555
1.0600001812	0.220305727482
1.08000016212	0.217521878925
1.10000014305	0.227079130838
1.12000012398	0.216351969259
1.1400001049	0.204150395305
1.16000008583	0.216451857619
1.18000006676	0.229441082005
1.20000004768	0.234834668626
1.22000002861	0.233975706427
1.24000000954	0.222934723793
1.25999999046	0.221106774259
1.27999997139	0.222926685189
1.30000019073	0.229273085561
1.32000017166	0.240104699241
1.34000015259	0.237536328879
1.36000013351	0.236381892073
1.38000011444	0.233334239249
1.40000009537	0.237069865393
1.42000007629	0.250164244637
1.44000005722	0.246366324275
1.46000003815	0.241356992089
1.48000001907	0.227398882024
1.5	0.243805562874
1.51999998093	0.252514571713
1.53999996185	0.249654924275
1.5600001812	0.24990785156
1.58000016212	0.246710619199
1.60000014305	0.240046445522
1.62000012398	0.251865074656
1.6400001049	0.244501179751
1.66000008583	0.244586126503
1.68000006676	0.257802697035
1.70000004768	0.244845752091
1.72000002861	0.253464497954
1.74000000954	0.247288796893
1.75999999046	0.248731725363
1.77999997139	0.245730160862
1.80000019073	0.235705188176
1.82000017166	0.2427394473
1.84000015259	0.238765708675
1.86000013351	0.24460226868
1.88000011444	0.231489480489
1.90000009537	0.239499982819
1.92000007629	0.223599326904
1.94000005722	0.219642603481
1.96000003815	0.218156402121
1.98000001907	0.220189949029
2.0	0.211274993033
2.01999998093	0.208090344314
2.03999996185	0.205824492392
2.0600001812	0.202485320528
2.08000016212	0.19820537628
2.10000014305	0.188559806244
2.12000012398	0.18093320569
2.1400001049	0.173002237307
2.16000008583	0.173803762074
2.18000006676	0.174507338697
2.20000004768	0.167906486549
2.22000002861	0.159539845464
2.24000000954	0.155033079598
2.25999999046	0.146045678281
2.27999997139	0.143360701582
2.30000019073	0.144014679005
2.32000017166	0.136747366467
2.34000015259	0.133085755961
2.36000013351	0.132727049672
2.38000011444	0.128081348153
2.40000009537	0.119478296095
2.42000007629	0.108087605029
2.44000005722	0.107599328229
2.46000003815	0.102236500511
2.48000001907	0.0981707547259
2.5	0.0951572278099
2.51999998093	0.0889245942586
2.53999996185	0.0796906171628
2.5600001812	0.0783537039735
2.58000016212	0.0757440552664
2.60000014305	0.0639844638057
2.62000012398	0.0614400324027
2.6400001049	0.0625141340523
2.66000008583	0.0533597037941
2.68000006676	0.0474322579759
2.70000004768	0.0454305723825
2.72000002861	0.0444681500995
2.74000000954	0.0373011965591
2.75999999046	0.0286839776898
2.77999997139	0.0264079626645
2.80000019073	0.0202925347493
2.82000017166	0.0178657052173
2.84000015259	0.0115513470303
2.86000013351	0.00654659722999
2.88000011444	0.00187682496428
2.90000009537	-0.00174067433172
2.92000007629	-0.00657258732568
2.94000005722	-0.0114333605615
2.96000003815	-0.0170275860009
2.98000001907	-0.0223937897965
3.0	-0.0280540886816
3.01999998093	-0.0313908923051
3.03999996185	-0.0367010500196
3.0600001812	-0.03788850502
3.08000016212	-0.0465175193836
3.10000014305	-0.0539897973877
3.12000012398	-0.0565583802603
3.1400001049	-0.0600678868777
3.16000008583	-0.0723626550077
3.18000006676	-0.0721940574126
3.20000004768	-0.0778396347618
3.22000002861	-0.08038557096
3.24000000954	-0.0845290737518
3.25999999046	-0.0889891179506
3.27999997139	-0.0959067670566
3.30000019073	-0.102483362828
3.32000017166	-0.0985261213215
3.34000015259	-0.112279348112
3.36000013351	-0.113256359845
3.38000011444	-0.122539914024
3.40000009537	-0.12936524681
3.42000007629	-0.139474217763
3.44000005722	-0.139684148389
3.46000003815	-0.135107333368
3.48000001907	-0.139252664443
3.5	-0.146737667795
3.51999998093	-0.156336453891
3.53999996185	-0.158678642089
3.5600001812	-0.156508347834
3.58000016212	-0.171462956168
3.60000014305	-0.165393530005
3.62000012398	-0.174483251107
3.6400001049	-0.172332239362
3.66000008583	-0.178228213019
3.68000006676	-0.185433020043
3.70000004768	-0.181075146695
3.72000002861	-0.189557992145
3.74000000954	-0.194402484095
3.75999999046	-0.191355163065
3.77999997139	-0.203075101558
3.80000019073	-0.194887568775
3.82000017166	-0.194109144392
3.84000015259	-0.214889582712
3.86000013351	-0.207123569517
3.88000011444	-0.216463222013
3.90000009537	-0.212684748722
3.92000007629	-0.211709914137
3.94000005722	-0.207146232225
3.96000003815	-0.216464471847
3.98000001907	-0.21984044947
4.0	-0.223215705462
4.01999998093	-0.230218072629
4.03999996185	-0.221143384637
4.0600001812	-0.216595042052
4.08000016212	-0.234497893357
4.10000014305	-0.234455550941
4.12000012398	-0.242079047847
4.1400001049	-0.23790187986
4.16000008583	-0.23251600185
4.18000006676	-0.228374626092
4.20000004768	-0.242645513671
4.22000002861	-0.23773554436
4.24000000954	-0.248873047773
4.25999999046	-0.242123860111
4.27999997139	-0.244779334515
4.30000019073	-0.245169083017
4.32000017166	-0.245862716771
4.34000015259	-0.251246647346
4.36000013351	-0.239258379368
4.38000011444	-0.248990748923
4.40000009537	-0.263753707395
4.42000007629	-0.249089408594
4.44000005722	-0.26468820096
4.46000003815	-0.245481550741
4.48000001907	-0.258763796824
4.5	-0.258617198058
4.51999998093	-0.257008418585
4.53999996185	-0.253219226123
4.5600001812	-0.25658523654
4.58000016212	-0.264620994507
4.60000014305	-0.26500017401
4.62000012398	-0.266477932454
4.6400001049	-0.245508142632
4.66000008583	-0.260138599456
4.68000006676	-0.275635905645
4.70000004768	-0.26516135059
4.72000002861	-0.266986579121
4.74000000954	-0.249674482748
4.75999999046	-0.270593544341
4.77999997139	-0.269718544411
4.80000019073	-0.266586411713
4.82000017166	-0.261143573536
4.84000015259	-0.254550359735
4.86000013351	-0.271306865675
4.88000011444	-0.271293883853
4.90000009537	-0.265832144179
4.92000007629	-0.271364082089
4.94000005722	-0.263861168369
4.96000003815	-0.271956252278
4.98000001907	-0.264156686957
5.0	-0.268151202413
5.01999998093	-0.255096286458
5.03999996185	-0.265279141199
5.0600001812	-0.2555493157
5.08000016212	-0.268923129537
5.10000014305	-0.263340950096
5.12000012398	-0.261563020108
5.1400001049	-0.25809924971
5.16000008583	-0.265677675589
5.18000006676	-0.254897444962
5.20000004768	-0.253275593347
5.22000002861	-0.261727319798
5.24000000954	-0.260360220382
5.25999999046	-0.265912492851
5.27999997139	-0.255352879225
5.30000019073	-0.248779928813
5.32000017166	-0.255708675129
5.34000015259	-0.257781430461
5.36000013351	-0.249030131882
5.38000011444	-0.252649619483
5.40000009537	-0.248055327025
5.42000007629	-0.25594410905
5.44000005722	-0.259912103014
5.46000003815	-0.25586546079
5.48000001907	-0.252399735342
5.5	-0.24931267177
5.51999998093	-0.247015914144
5.53999996185	-0.254177166729
5.5600001812	-0.26616429867
5.58000016212	-0.249586612209
5.60000014305	-0.261361467876
5.62000012398	-0.238680412771
5.6400001049	-0.25315145075
5.66000008583	-0.251359734984
5.68000006676	-0.247942196011
5.70000004768	-0.259833776343
5.72000002861	-0.260718866625
5.74000000954	-0.246029804339
5.75999999046	-0.254982593955
5.77999997139	-0.25544278698
5.80000019073	-0.259852693696
5.82000017166	-0.246599822695
5.84000015259	-0.24868423534
5.86000013351	-0.246667607387
5.88000011444	-0.260982185166
5.90000009537	-0.250126151877
5.92000007629	-0.256633287939
5.94000005722	-0.255061524982
5.96000003815	-0.254116205445
5.98000001907	-0.244092122039
6.0	-0.256333976599
6.01999998093	-0.256158481248
6.03999996185	-0.247181438877
6.0600001812	-0.261809894672
6.08000016212	-0.258919453742
6.10000014305	-0.258818088507
6.12000012398	-0.249462264332
6.1400001049	-0.24933311417
6.16000008583	-0.254604692915
6.18000006676	-0.260726158496
6.20000004768	-0.251265056667
6.22000002861	-0.262894919752
6.24000000954	-0.262849021357
6.25999999046	-0.267051619043
6.27999997139	-0.256293461426
6.30000019073	-0.262300935246
6.32000017166	-0.2541174529
6.34000015259	-0.262099158532
6.36000013351	-0.264308375148
6.38000011444	-0.26588271401
6.40000009537	-0.257718222725
6.42000007629	-0.26609233425
6.44000005722	-0.258902327056
6.46000003815	-0.269890771425
6.48000001907	-0.254919769964
6.5	-0.270906862525
6.51999998093	-0.263792243584
6.53999996185	-0.258098472131
6.5600001812	-0.272233635026
6.58000016212	-0.256409569234
6.60000014305	-0.263872170885
6.62000012398	-0.260212418334
6.6400001049	-0.27083227247
6.66000008583	-0.257469933404
6.68000006676	-0.261763698238
6.70000004768	-0.263059455705
6.72000002861	-0.271111739102
6.74000000954	-0.270405038243
6.75999999046	-0.251686734478
6.77999997139	-0.258712358236
6.80000019073	-0.25718955842
6.82000017166	-0.260636540962
6.84000015259	-0.258339735041
6.86000013351	-0.301372066192
6.88000011444	-0.272624174305
6.90000009537	-0.255093526184
6.92000007629	-0.230144471617
6.94000005722	-0.273083693661
6.96000003815	-0.261073899678
6.98000001907	-0.259327821275
7.0	-0.242162395123
7.01999998093	-0.283648486221
7.03999996185	-0.269790568306
7.0600001812	-0.256220463551
7.08000016212	-0.236710123153
7.10000014305	-0.264607265836
7.12000012398	-0.248636585966
7.1400001049	-0.273910328782
7.16000008583	-0.231232900833
7.18000006676	-0.275518866951
7.20000004768	-0.279034364226
7.22000002861	-0.263396279745
7.24000000954	-0.253562471526
7.25999999046	-0.256006872606
7.27999997139	-0.268138228645
7.30000019073	-0.261482335424
7.32000017166	-0.250721789662
7.34000015259	-0.264371410653
7.36000013351	-0.252244765081
7.38000011444	-0.235503716469
7.40000009537	-0.212158620031
7.42000007629	-0.234349028764
7.44000005722	-0.222768681489
7.46000003815	-0.225878811325
7.48000001907	-0.213427667176
7.5	-0.201298324262
7.51999998093	-0.193628248415
7.53999996185	-0.195732494507
7.5600001812	-0.187990777323
7.58000016212	-0.190292330612
7.60000014305	-0.137762552995
7.62000012398	-0.152598525807
7.6400001049	-0.0906137346259
7.66000008583	-0.145102824219
7.68000006676	-0.0882284243604
7.70000004768	-0.103634683763
7.72000002861	-0.0805448482282
7.74000000954	-0.080770414634
7.75999999046	-0.0657824763
7.77999997139	-0.0586602342098
7.80000019073	-0.0412603463153
7.82000017166	-0.0237508513188
7.84000015259	-0.0364475130075
7.86000013351	0.0268646520573
7.88000011444	-0.00896187381261
7.90000009537	0.0256986888857
7.92000007629	0.0168888902757
7.94000005722	0.0401678173201
7.96000003815	0.0532523663532
7.98000001907	0.0589195247741
8.0	0.0388187326395
8.01999998093	0.0761591234803
8.03999996185	0.0614986760316
8.0600001812	0.0923196611659
8.08000016212	0.0671913829459
8.10000014305	0.116912624038
8.12000012398	0.0889059575177
8.1400001049	0.130277954502
8.16000008583	0.117525799663
8.18000006676	0.131206082921
8.20000004768	0.152423745071
8.22000002861	0.156175314505
8.24000000954	0.108173223084
8.25999999046	0.160409347059
8.27999997139	0.135507614572
8.30000019073	0.164916089738
8.32000017166	0.171315233714
8.34000015259	0.154370392621
8.36000013351	0.170701165799
8.38000011444	0.146041101716
8.40000009537	0.160915179952
8.42000007629	0.177582103851
8.44000005722	0.172923236228
8.46000003815	0.163458180561
8.48000001907	0.16877062508
8.5	0.166435607432
8.51999998093	0.186269157344
8.53999996185	0.186849951185
8.5600001812	0.178594657717
8.58000016212	0.192232977123
8.60000014305	0.157401962966
8.62000012398	0.181765097148
8.6400001049	0.194339596545
8.66000008583	0.186080936693
8.68000006676	0.194088895089
8.70000004768	0.181170962278
8.72000002861	0.169945952403
8.74000000954	0.185457836065
8.75999999046	0.201726423203
8.77999997139	0.196594206187
8.80000019073	0.178320620844
8.82000017166	0.192250508401
8.84000015259	0.183688564253
8.86000013351	0.188880501848
8.88000011444	0.194122255969
8.90000009537	0.181917967105
8.92000007629	0.195716314214
8.94000005722	0.188267417895
8.96000003815	0.186325541964
8.98000001907	0.193265240684
9.0	0.189516114495
9.01999998093	0.191585476673
9.03999996185	0.189363019704
9.0600001812	0.196230626248
9.08000016212	0.190891770127
9.10000014305	0.195211961357
9.12000012398	0.195282277002
9.1400001049	0.193189040431
9.16000008583	0.188716767219
9.18000006676	0.193237464354
9.20000004768	0.195109682454
9.22000002861	0.220254214524
9.24000000954	0.186579473147
9.25999999046	0.201418923652
9.27999997139	0.173009722414
9.30000019073	0.205480766465
9.32000017166	0.194615970073
9.34000015259	0.210135684478
9.36000013351	0.192949946616
9.38000011444	0.195809302412
9.40000009537	0.205215949817
9.42000007629	0.220055634782
9.44000005722	0.20132785103
9.46000003815	0.200299082922
9.48000001907	0.203567701228
9.5	0.208846007243
9.51999998093	0.203496602643
9.53999996185	0.204651036375
9.5600001812	0.205267561662
9.58000016212	0.203431634816
9.60000014305	0.224689072912
9.62000012398	0.214441708617
9.6400001049	0.209220299738
9.66000008583	0.199400764943
9.68000006676	0.208249918685
9.70000004768	0.214960457934
9.72000002861	0.208690410737
9.74000000954	0.209411827734
9.75999999046	0.216785272082
9.77999997139	0.221240350755
9.80000019073	0.224526605872
9.82000017166	0.212490783788
9.84000015259	0.21282935745
9.86000013351	0.215588661025
9.88000011444	0.214134924377
9.90000009537	0.222666973001
9.92000007629	0.210919639791
9.94000005722	0.213156947374
9.96000003815	0.232988828637
9.98000001907	0.2231236793
10.0	0.217154752973
10.0199999809	0.221154916342
10.0399999619	0.221301756884
10.0600001812	0.21646192612
10.0800001621	0.214962518621
10.1000001431	0.222139359639
10.120000124	0.219790390825
10.1400001049	0.227554927776
10.1600000858	0.225004947813
10.1800000668	0.223812932304
10.2000000477	0.225118469528
10.2200000286	0.225660320867
10.2400000095	0.216325970065
10.2599999905	0.225898647916
10.2799999714	0.233634239245
10.3000001907	0.230173784614
10.3200001717	0.224495632032
10.3400001526	0.217648643791
10.3600001335	0.221778824143
10.3800001144	0.218199678656
10.4000000954	0.227570700614
10.4200000763	0.22942807875
10.4400000572	0.240730601952
10.4600000381	0.234627413864
10.4800000191	0.221458574615
10.5	0.22384182703
10.5199999809	0.223805675514
10.5399999619	0.233390036578
10.5600001812	0.231540058261
10.5800001621	0.231204815273
10.6000001431	0.233499634933
10.620000124	0.227221770859
10.6400001049	0.229527492837
10.6600000858	0.226384326121
10.6800000668	0.224567272808
10.7000000477	0.226435461215
10.7200000286	0.224726836766
10.7400000095	0.220201783597
10.7599999905	0.220962611484
10.7799999714	0.227310009619
10.8000001907	0.236182091273
10.8200001717	0.230465359315
10.8400001526	0.228944252137
10.8600001335	0.224097652975
10.8800001144	0.223618606206
10.9000000954	0.212537459997
10.9200000763	0.220505862888
10.9400000572	0.225820558204
10.9600000381	0.231526417666
10.9800000191	0.224370613133
11.0	0.224940168631
11.0199999809	0.218250842266
11.0399999619	0.218284566251
11.0600001812	0.227768084485
11.0800001621	0.223605711079
11.1000001431	0.228349902289
11.120000124	0.221884102927
11.1400001049	0.220891043843
11.1600000858	0.210788270451
11.1800000668	0.218075819137
11.2000000477	0.228332022005
11.2200000286	0.217086144852
11.2400000095	0.229223180801
11.2599999905	0.226281470426
11.2799999714	0.22052801917
11.3000001907	0.217019306772
11.3200001717	0.214244383989
11.3400001526	0.216812399445
11.3600001335	0.218183246368
11.3800001144	0.214065002805
11.4000000954	0.219163017739
11.4200000763	0.21072802253
11.4400000572	0.21753501781
11.4600000381	0.216032735805
11.4800000191	0.209555528299
11.5	0.208392007525
11.5199999809	0.222585639382
11.5399999619	0.211648247122
11.5600001812	0.207270744775
11.5800001621	0.195626932497
11.6000001431	0.227995245774
11.620000124	0.214360567843
11.6400001049	0.205123866825
11.6600000858	0.20885403659
11.6800000668	0.208872431852
11.7000000477	0.216578539101
11.7200000286	0.192980373628
11.7400000095	0.209962532098
11.7599999905	0.220377955258
11.7799999714	0.206591491254
11.8000001907	0.208905875063
11.8200001717	0.202888261111
11.8400001526	0.204253844964
11.8600001335	0.201056799708
11.8800001144	0.197919182213
11.9000000954	0.198320204412
11.9200000763	0.200041875149
11.9400000572	0.214114353615
11.9600000381	0.205503647904
11.9800000191	0.20527201324
12.0	0.194603814674
12.0199999809	0.19968482813
12.0399999619	0.19571140963
12.0600001812	0.199893651652
12.0800001621	0.19413584074
12.1000001431	0.194422477252
12.120000124	0.203921721517
12.1400001049	0.195829540852
12.1600000858	0.19511202224
12.1800000668	0.194802810332
12.2000000477	0.194878540357
12.2200000286	0.201496713016
12.2400000095	0.201756452053
12.2599999905	0.192150525132
12.2799999714	0.193571761597
12.3000001907	0.196671741103
12.3200001717	0.194557296303
12.3400001526	0.1945204184
12.3600001335	0.187088585375
12.3800001144	0.191725325543
12.4000000954	0.191884894199
12.4200000763	0.190799236597
12.4400000572	0.182987544336
12.4600000381	0.18599015115
12.4800000191	0.19497086897
12.5	0.191310891543
12.5199999809	0.192694995399
12.5399999619	0.187622352346
12.5600001812	0.183445172187
12.5800001621	0.191006128614
12.6000001431	0.193758747738
12.620000124	0.185985897074
12.6400001049	0.179191980505
12.6600000858	0.193211108726
12.6800000668	0.190771794365
12.7000000477	0.187612823741
12.7200000286	0.188051018434
12.7400000095	0.184899698525
12.7599999905	0.180442818159
12.7799999714	0.183335337422
12.8000001907	0.175160989781
12.8200001717	0.182629222257
12.8400001526	0.17402783927
12.8600001335	0.176076299575
12.8800001144	0.181684443018
12.9000000954	0.173746625813
12.9200000763	0.173745110282
12.9400000572	0.166067189049
12.9600000381	0.183502149892
12.9800000191	0.168655168857
13.0	0.177632395844
13.0199999809	0.164339913477
13.0399999619	0.155031026681
13.0600001812	0.156840101215
13.0800001621	0.16986050801
13.1000001431	0.161304571561
13.120000124	0.157707139073
13.1400001049	0.145722352778
13.1600000858	0.14085920186
13.1800000668	0.135563296033
13.2000000477	0.134152901424
13.2200000286	0.131382874118
13.2400000095	0.121457587183
13.2599999905	0.125119978427
13.2799999714	0.108174158672
13.3000001907	0.109426586268
13.3200001717	0.0961173368499
13.3400001526	0.0971264910238
13.3600001335	0.0905057170211
13.3800001144	0.0877918145351
13.4000000954	0.0780948512369
13.4200000763	0.0793398463647
13.4400000572	0.0870174988308
13.4600000381	0.0620571649113
13.4800000191	0.0536199683983
13.5	0.052033653113
13.5199999809	0.0458093869022
13.5399999619	0.0412761292143
13.5600001812	0.0379799646724
13.5800001621	0.033663261495
13.6000001431	0.0301723608706
13.620000124	0.022902365856
13.6400001049	0.019041737654
13.6600000858	0.0138630222302
13.6800000668	0.00738830329654
13.7000000477	0.00249399250945
13.7200000286	-0.00400354082354
13.7400000095	-0.00935459062184
13.7599999905	-0.0131161583499
13.7799999714	-0.0248556194173
13.8000001907	-0.0075136742138
13.8200001717	-0.0353484082383
13.8400001526	-0.028395231799
13.8600001335	-0.0391359642983
13.8800001144	-0.042554230886
13.9000000954	-0.0469661397767
13.9200000763	-0.0507929789292
13.9400000572	-0.054941786947
13.9600000381	-0.0620630604651
13.9800000191	-0.0699479502439
14.0	-0.069762669088
14.0199999809	-0.0790271373209
14.0399999619	-0.0833365656
14.0600001812	-0.0861034965999
14.0800001621	-0.0921253641021
14.1000001431	-0.101244115861
14.120000124	-0.101178517773
14.1400001049	-0.113578152061
14.1600000858	-0.12206605164
14.1800000668	-0.12178020249
14.2000000477	-0.126057530022
14.2200000286	-0.123729086804
14.2400000095	-0.129042972383
14.2599999905	-0.141275412139
14.2799999714	-0.137094039738
14.3000001907	-0.145318494418
14.3200001717	-0.153057387048
14.3400001526	-0.160609871755
14.3600001335	-0.159736032018
14.3800001144	-0.161000991371
14.4000000954	-0.167460275109
14.4200000763	-0.173701450342
14.4400000572	-0.178351462886
14.4600000381	-0.192687291795
14.4800000191	-0.19184700185
14.5	-0.18967421841
14.5199999809	-0.206053818852
14.5399999619	-0.18122227384
14.5600001812	-0.220786311045
14.5800001621	-0.198939889911
14.6000001431	-0.221219257723
14.620000124	-0.214578685103
14.6400001049	-0.222931246007
14.6600000858	-0.219780613065
14.6800000668	-0.216577349262
14.7000000477	-0.232673220069
14.7200000286	-0.222661065641
14.7400000095	-0.235486175172
14.7599999905	-0.227851827435
14.7799999714	-0.262726097783
14.8000001907	-0.237587385289
14.8200001717	-0.226885866021
14.8400001526	-0.259480353431
14.8600001335	-0.24186343438
14.8800001144	-0.254102943588
14.9000000954	-0.255146240337
14.9200000763	-0.249026251092
14.9400000572	-0.273651906348
14.9600000381	-0.262426839699
14.9800000191	-0.26398013722
15.0	-0.260195717546
15.0199999809	-0.268537411241
15.0399999619	-0.262677342642
15.0600001812	-0.285489450283
15.0800001621	-0.249290968702
15.1000001431	-0.286121351591
15.120000124	-0.263820866626
15.1400001049	-0.281770299004
15.1600000858	-0.275612014022
15.1800000668	-0.289626613843
15.2000000477	-0.282811996431
15.2200000286	-0.286185340592
15.2400000095	-0.2814047225
15.2599999905	-0.286181090014
15.2799999714	-0.286369843379
15.3000001907	-0.277417253415
15.3200001717	-0.286674861804
15.3400001526	-0.282269316273
15.3600001335	-0.288261729828
15.3800001144	-0.28571454994
15.4000000954	-0.291845711622
15.4200000763	-0.285276313871
15.4400000572	-0.288655325561
15.4600000381	-0.285653959787
15.4800000191	-0.291445820439
15.5	-0.289406531645
15.5199999809	-0.291640010398
15.5399999619	-0.279675123612
15.5600001812	-0.285257816435
15.5800001621	-0.284487145449
15.6000001431	-0.298356778036
15.620000124	-0.268298510002
15.6400001049	-0.27767292868
15.6600000858	-0.284571084122
15.6800000668	-0.280590597394
15.7000000477	-0.273636119771
15.7200000286	-0.287316677894
15.7400000095	-0.273662256143
15.7599999905	-0.269386386864
15.7799999714	-0.268692174267
15.8000001907	-0.285421610445
15.8200001717	-0.269509326535
15.8400001526	-0.25883774867
15.8600001335	-0.255545998849
15.8800001144	-0.266905100551
15.9000000954	-0.263797060048
15.9200000763	-0.26685464855
15.9500000477	-0.262117444717
15.9600000381	-0.251940650937
15.9800000191	-0.254235854038
16.0	-0.274890175611
16.0199999809	-0.257644380941
16.0399999619	-0.263026654519
16.0600001812	-0.247354132638
16.0800001621	-0.257529142818
16.1000001431	-0.24849932228
16.120000124	-0.242048924772
16.1400001049	-0.247231923518
16.1600000858	-0.258816751
16.1800000668	-0.247771228014
16.2000000477	-0.240518756682
16.2200000286	-0.257382800627
16.2400000095	-0.240227010814
16.2599999905	-0.237489464159
16.2799999714	-0.237259721075
16.3000001907	-0.25087815312
16.3200001717	-0.236049572238
16.3400001526	-0.241219177198
16.3600001335	-0.228738387789
16.3800001144	-0.245523459036
16.4000000954	-0.256491526637
16.4200000763	-0.232306589537
16.4400000572	-0.221614986152
16.4600000381	-0.242097391627
16.4800000191	-0.232713791912
16.5	-0.237290416481
16.5199999809	-0.240132183991
16.5399999619	-0.22968670224
16.5600001812	-0.23254073706
16.5800001621	-0.245844322726
16.6000001431	-0.243693797572
16.620000124	-0.249473356664
16.6400001049	-0.210576262642
16.6600000858	-0.234254578319
16.6800000668	-0.222818154652
16.7000000477	-0.269988980431
16.7200000286	-0.226632293969
16.7400000095	-0.229076446716
16.7599999905	-0.200636414567
16.7799999714	-0.240198160263
16.8000001907	-0.224157844239
16.8200001717	-0.235192003643
16.8400001526	-0.235778925103
16.8600001335	-0.244129270168
16.8800001144	-0.217897390206
16.9000000954	-0.264232783015
16.9200000763	-0.2214315171
16.9400000572	-0.254387621139
16.9600000381	-0.222713663745
16.9800000191	-0.216782831514
17.0	-0.228934043899
17.0199999809	-0.241731322334
17.0399999619	-0.238798504733
17.0600001812	-0.23541397153
17.0800001621	-0.231273390711
17.1000001431	-0.202435468357
17.120000124	-0.232838175026
17.1400001049	-0.231811562808
17.1600000858	-0.247140194639
17.1800000668	-0.22954329481
17.2000000477	-0.226599365922
17.2200000286	-0.229385512227
17.2400000095	-0.191325273705
17.2599999905	-0.245146770013
17.2799999714	-0.225931367592
17.3000001907	-0.229625077558
17.3200001717	-0.222169411653
17.3400001526	-0.239933706709
17.3600001335	-0.216787121622
17.3800001144	-0.249104349853
17.4000000954	-0.266085658313
17.4200000763	-0.212020493057
17.4400000572	-0.238286119931
17.4600000381	-0.228696450269
17.4800000191	-0.221965090427
17.5	-0.208674504129
17.5199999809	-0.230268330843
17.5399999619	-0.253606001522
17.5600001812	-0.20576494328
17.5800001621	-0.262747522851
17.6000001431	-0.184342768669
17.620000124	-0.239469772409
17.6400001049	-0.207314153667
17.6600000858	-0.23829524216
17.6800000668	-0.254103794505
17.7000000477	-0.22305557481
17.7200000286	-0.237478658426
17.7400000095	-0.223374182702
17.7599999905	-0.176221618727
17.7799999714	-0.243167968946
17.8000001907	-0.212940967933
17.8200001717	-0.229146194638
17.8400001526	-0.222827459238
17.8600001335	-0.240788932663
17.8800001144	-0.248219337566
17.9000000954	-0.209347333098
17.9200000763	-0.223517100334
17.9400000572	-0.233237122489
17.9600000381	-0.235367862715
17.9800000191	-0.203018937164
18.0	-0.223553540931
18.0199999809	-0.220346035059
18.0399999619	-0.244551244074
18.0600001812	-0.20501471618
18.0800001621	-0.183069464805
18.1000001431	-0.197371557952
18.120000124	-0.248962955728
18.1400001049	-0.229260416687
18.1600000858	-0.214833784423
18.1800000668	-0.218333680724
18.2000000477	-0.202583402102
18.2200000286	-0.167834524895
18.2400000095	-0.245092266178
18.2599999905	-0.222203246461
18.2799999714	-0.213643123528
18.3000001907	-0.215519998423
18.3200001717	-0.216585469564
18.3400001526	-0.211342021757
18.3600001335	-0.229967429627
18.3800001144	-0.215565518633
18.4000000954	-0.22434938369
18.4200000763	-0.194243136089
18.4400000572	-0.201940320693
18.4600000381	-0.211185192026
18.4800000191	-0.20605720183
18.5	-0.210366472238
18.5199999809	-0.222260747433
18.5399999619	-0.230427094742
18.5600001812	-0.18202837969
18.5800001621	-0.186863755522
18.6000001431	-0.140149385039
18.620000124	-0.218602068919
18.6400001049	-0.185861795713
18.6600000858	-0.167331162187
18.6800000668	-0.178002347858
18.7000000477	-0.157717719282
18.7200000286	-0.153516789263
18.7400000095	-0.137613934573
18.7599999905	-0.141653085823
18.7799999714	-0.135573326092
18.8000001907	-0.119977252427
18.8200001717	-0.12803003146
18.8400001526	-0.0812763133917
18.8600001335	-0.0877345902556
18.8800001144	-0.0734064381196
18.9000000954	-0.0669199751125
18.9200000763	-0.0480951130268
18.9400000572	-0.0482987695095
18.9600000381	-0.0314053170102
18.9800000191	-0.0193248257397
19.0	-0.00760346551782
19.0199999809	0.00549040547662
19.0399999619	0.012030438736
19.0600001812	0.0257499317963
19.0800001621	0.029598774223
19.1000001431	0.0424183045785
19.120000124	0.0530139647065
19.1400001049	0.0672465600239
19.1600000858	0.0795761579601
19.1800000668	0.0826999843965
19.2000000477	0.0910214481087
19.2200000286	0.0956562815669
19.2400000095	0.101385349329
19.2599999905	0.125450369147
19.2799999714	0.145073522135
19.3000001907	0.141625435703
19.3200001717	0.0821798465602
19.3400001526	0.13810132475
19.3600001335	0.203928239958
19.3800001144	0.170492835296
19.4000000954	0.164628635091
19.4200000763	0.156021799614
19.4400000572	0.171758913226
19.4600000381	0.185235569721
19.4800000191	0.165290957115
19.5	0.187626114097
19.5199999809	0.20761810759
19.5399999619	0.177302011728
19.5600001812	0.213859554503
19.5800001621	0.205497553351
19.6000001431	0.22036385159
19.620000124	0.189809871124
19.6400001049	0.20312961519
19.6600000858	0.217733000896
19.6800000668	0.210539462555
19.7000000477	0.211253273585
19.7200000286	0.20494595165
19.7400000095	0.207210411304
19.7599999905	0.212530594747
19.7799999714	0.226514073113
19.8000001907	0.227627429931
19.8200001717	0.231347254108
19.8400001526	0.209722505952
19.8600001335	0.207691780405
19.8800001144	0.2453454859
19.9000000954	0.173364894209
19.9200000763	0.236403878164
19.9400000572	0.197925008481
19.9600000381	0.232841517539
19.9800000191	0.181164869152
20.0	0.241204145349
20.0199999809	0.235986594445
20.0399999619	0.235557335021
20.0600001812	0.213256417838
20.0800001621	0.225224410745
20.1000001431	0.207603293708
20.120000124	0.218422490429
20.1400001049	0.238135502745
20.1600000858	0.230634643137
20.1800000668	0.220156960367
20.2000000477	0.23110528304
20.2200000286	0.215662040718
20.2400000095	0.222648022378
20.2599999905	0.227224098144
20.2799999714	0.22569962858
20.3000001907	0.249511929556
20.3200001717	0.219074279174
20.3400001526	0.232691124168
20.3600001335	0.238557556539
20.3800001144	0.260005576347
20.4000000954	0.202100525101
20.4200000763	0.269712780363
20.4400000572	0.202260955125
20.4600000381	0.222159199136
20.4800000191	0.188625363399
20.5	0.24695720681
20.5199999809	0.220101917921
20.5399999619	0.236112735817
20.5600001812	0.221339510946
20.5800001621	0.249298898723
20.6000001431	0.223433030506
20.620000124	0.214098176894
20.6400001049	0.24564810449
20.6600000858	0.206460732497
20.6800000668	0.233434004954
20.7000000477	0.261854260958
20.7200000286	0.229934714073
20.7400000095	0.190438577836
20.7599999905	0.258994400669
20.7799999714	0.193294453392
20.8000001907	0.23681642826
20.8200001717	0.197510870949
20.8400001526	0.271567791809
20.8600001335	0.239010321572
20.8800001144	0.211435043565
20.9000000954	0.227634400443
20.9200000763	0.206560491565
20.9400000572	0.224846230735
20.9600000381	0.214504647851
20.9800000191	0.21474431777
21.0	0.210892438901
21.0199999809	0.188172863586
21.0399999619	0.215177214653
21.0600001812	0.196338277519
21.0800001621	0.258595928169
21.1000001431	0.198979336111
21.120000124	0.210457148626
21.1400001049	0.204946241993
21.1600000858	0.21302419068
21.1800000668	0.22133201387
21.2000000477	0.201902796183
21.2200000286	0.187811210009
21.2400000095	0.206694916445
21.2599999905	0.201459239856
21.2799999714	0.195533012995
21.3000001907	0.206649545978
21.3200001717	0.211598362936
21.3400001526	0.192473900303
21.3600001335	0.171288689365
21.3800001144	0.208855657158
21.4000000954	0.193749412926
21.4200000763	0.179067312892
21.4400000572	0.21010472219
21.4600000381	0.182179264664
21.4800000191	0.185516042338
21.5	0.180948632207
21.5199999809	0.19773591084
21.5399999619	0.189503821431
21.5600001812	0.175921645589
21.5800001621	0.193717458473
21.6000001431	0.186751944312
21.620000124	0.196609508643
21.6400001049	0.183419201239
21.6600000858	0.188653849817
21.6800000668	0.174683026666
21.7000000477	0.189444952814
21.7200000286	0.181671664036
21.7400000095	0.178881831269
21.7599999905	0.181809455203
21.7799999714	0.182947877665
21.8000001907	0.188885987979
21.8200001717	0.17936181121
21.8400001526	0.196787434928
21.8600001335	0.176376909277
21.8800001144	0.18172081969
21.9000000954	0.172703927251
21.9200000763	0.179039559295
21.9400000572	0.179650048352
21.9600000381	0.196690963487
21.9800000191	0.17783403855
22.0	0.17866418276
22.0199999809	0.169103731498
22.0399999619	0.174126162535
22.0600001812	0.173473282581
22.0800001621	0.167850616534
22.1000001431	0.173034552539
22.120000124	0.171000729567
22.1400001049	0.177140697162
22.1600000858	0.171367885234
22.1800000668	0.165798453036
22.2000000477	0.169065517117
22.2200000286	0.171122906601
22.2400000095	0.180833329954
22.2599999905	0.177525955272
22.2799999714	0.17914301898
22.3000001907	0.178448070576
22.3200001717	0.183800824954
22.3400001526	0.172131870369
22.3600001335	0.176463624453
22.3800001144	0.169313656433
22.4000000954	0.168684732585
22.4200000763	0.178498328136
22.4400000572	0.185290810801
22.4600000381	0.178398692528
22.4800000191	0.185854698798
22.5	0.18302102166
22.5199999809	0.175776981843
22.5399999619	0.172472211027
22.5600001812	0.188223685567
22.5800001621	0.182474673189
22.6000001431	0.189912025101
22.620000124	0.177012915732
22.6400001049	0.19691355992
22.6600000858	0.18261720939
22.6800000668	0.197401264073
22.7000000477	0.189749743289
22.7200000286	0.1901741796
22.7400000095	0.187994507332
22.7599999905	0.185453462576
22.7799999714	0.186588248463
22.8000001907	0.194230709077
22.8200001717	0.198729312574
22.8400001526	0.178068352631
22.8600001335	0.185255825967
22.8800001144	0.189353103886
22.9000000954	0.181049055715
22.9200000763	0.18565421353
22.9400000572	0.167023870109
22.9600000381	0.189405034734
22.9800000191	0.185893868666
23.0	0.182374598896
23.0199999809	0.175466247697
23.0399999619	0.187390218318
23.0600001812	0.180961266413
23.0800001621	0.178495430412
23.1000001431	0.187421600918
23.120000124	0.185655160271
23.1400001049	0.177608559334
23.1600000858	0.186977439333
23.1800000668	0.179170963346
23.2000000477	0.179916813018
23.2200000286	0.181204563655
23.2400000095	0.181955211285
23.2599999905	0.169674991746
23.2799999714	0.170269981828
23.3000001907	0.17519978853
23.3200001717	0.187414028976
23.3400001526	0.160264985505
23.3600001335	0.180910239865
23.3800001144	0.175028088627
23.4000000954	0.182125351257
23.4200000763	0.173258243045
23.4400000572	0.168617529531
23.4600000381	0.189602636806
23.4800000191	0.174445309053
23.5	0.16874051697
23.5199999809	0.188407818999
23.5399999619	0.174232090426
23.5600001812	0.168677799933
23.5800001621	0.18121958148
23.6000001431	0.170698169813
23.620000124	0.173104409091
23.6400001049	0.167943915405
23.6600000858	0.172231737421
23.6800000668	0.173876633662
23.7000000477	0.174572144888
23.7200000286	0.181473249093
23.7400000095	0.172781119979
23.7599999905	0.170764427921
23.7799999714	0.164471230255
23.8000001907	0.184192112109
23.8200001717	0.176378023317
23.8400001526	0.171713052095
23.8600001335	0.170233581451
23.8800001144	0.182551566118
23.9000000954	0.178995010472
23.9200000763	0.175215994351
23.9400000572	0.179151682249
23.9600000381	0.178463216275
23.9800000191	0.17835654368
24.0	0.17000402956
24.0199999809	0.18710310994
24.0399999619	0.177429226649
24.0600001812	0.183057213237
24.0800001621	0.166246984803
24.1000001431	0.184430610394
24.120000124	0.172586196659
24.1400001049	0.174100474785
24.1600000858	0.168138096135
24.1800000668	0.163498627453
24.2000000477	0.166719945828
24.2200000286	0.176455957149
24.2400000095	0.156079192175
24.2599999905	0.147077103289
24.2799999714	0.169391563767
24.3000001907	0.154410579685
24.3200001717	0.159844551049
24.3400001526	0.16586139598
24.3600001335	0.148919658738
24.3800001144	0.144997690439
24.4000000954	0.133042317572
24.4200000763	0.130825944281
24.4400000572	0.123170606463
24.4600000381	0.131739990137
24.4800000191	0.116763049394
24.5	0.113616379357
24.5199999809	0.106378369374
24.5399999619	0.107853487759
24.5600001812	0.0932162767989
24.5800001621	0.0927076305671
24.6000001431	0.0841674559469
24.620000124	0.0847997300855
24.6400001049	0.0772659685081
24.6600000858	0.0687324975987
24.6800000668	0.0669461465374
24.7000000477	0.0642755885428
24.7200000286	0.0593510821169
24.7400000095	0.0547063791858
24.7599999905	0.0506582045023
24.7799999714	0.0428937531079
24.8000001907	0.0403874588832
24.8200001717	0.0334544854105
24.8400001526	0.0297976706799
24.8600001335	0.0236384099417
24.8800001144	0.0147041439107
24.9000000954	0.01030929136
24.9200000763	0.0151825368967
24.9400000572	0.00489534541997
24.9600000381	0.00275048758329
24.9800000191	-0.0037998674627
25.0	-0.00619341588618
25.0199999809	-0.0157336508053
25.0399999619	-0.013606058169
25.0600001812	-0.021489128514
25.0800001621	-0.022775245535
25.1000001431	-0.0301354368259
25.120000124	-0.0308965984374
25.1400001049	-0.041082670389
25.1600000858	-0.0441683208436
25.1800000668	-0.0434258427133
25.2000000477	-0.0493862429121
25.2200000286	-0.0598048330106
25.2400000095	-0.0658746368626
25.2599999905	-0.0656180113835
25.2799999714	-0.0783295216061
25.3000001907	-0.0695209765744
25.3200001717	-0.0853161664261
25.3400001526	-0.0821736146234
25.3600001335	-0.0932919642503
25.3800001144	-0.0989229527329
25.4000000954	-0.104956126706
25.4200000763	-0.0937477169676
25.4400000572	-0.112130652697
25.4600000381	-0.113600351347
25.4800000191	-0.113303947716
25.5	-0.126259779759
25.5199999809	-0.124925332269
25.5399999619	-0.133558103605
25.5600001812	-0.127479706225
25.5800001621	-0.141602783416
25.6000001431	-0.139448229721
25.620000124	-0.149512591939
25.6400001049	-0.148988058702
25.6600000858	-0.165499439589
25.6800000668	-0.172263989463
25.7000000477	-0.173684844619
25.7200000286	-0.15102038885
25.7400000095	-0.155449773737
25.7599999905	-0.186507166187
25.7799999714	-0.188649205262
25.8000001907	-0.162088475719
25.8200001717	-0.179982622901
25.8400001526	-0.168222617565
25.8600001335	-0.19164850053
25.8800001144	-0.179890792509
25.9000000954	-0.194284772246
25.9200000763	-0.19364003942
25.9400000572	-0.198682800483
25.9600000381	-0.198980601376
25.9800000191	-0.216819956126
26.0	-0.178951163905
26.0199999809	-0.203334534057
26.0399999619	-0.20209272521
26.0600001812	-0.22572377457
26.0800001621	-0.226154005801
26.1000001431	-0.214107627562
26.120000124	-0.182530344423
26.1400001049	-0.201896549709
26.1600000858	-0.223433190864
26.1800000668	-0.222557693575
26.2000000477	-0.21236427893
26.2200000286	-0.225578412944
26.2400000095	-0.212334142457
26.2599999905	-0.225214868395
26.2799999714	-0.217916244165
26.3000001907	-0.227914989626
26.3200001717	-0.218624660931
26.3400001526	-0.226029976351
26.3600001335	-0.22993146699
26.3800001144	-0.225795959074
26.4000000954	-0.238548096371
26.4200000763	-0.217768217798
26.4400000572	-0.23402681833
26.4600000381	-0.227372107028
26.4800000191	-0.230263188614
26.5	-0.236954989988
26.5199999809	-0.22982456908
26.5399999619	-0.222588729969
26.5600001812	-0.23050021269
26.5800001621	-0.234065875208
26.6000001431	-0.236478174627
26.620000124	-0.237577639211
26.6400001049	-0.223370059969
26.6600000858	-0.232445741615
26.6800000668	-0.231828954817
26.7000000477	-0.230607300528
26.7200000286	-0.2345110935
26.7400000095	-0.232707402657
26.7599999905	-0.222825023
26.7799999714	-0.229053215703
26.8000001907	-0.236754641642
26.8200001717	-0.233153326375
26.8400001526	-0.229363910157
26.8600001335	-0.231158002833
26.8800001144	-0.213876425759
26.9000000954	-0.237842334068
26.9200000763	-0.226168822935
26.9400000572	-0.219542377285
26.9600000381	-0.214862222645
26.9800000191	-0.238083971282
27.0	-0.234261834152
27.0199999809	-0.220572191022
27.0399999619	-0.226584039821
27.0600001812	-0.224219097465
27.0800001621	-0.21044859854
27.1000001431	-0.230089734066
27.120000124	-0.213151869767
27.1400001049	-0.241713913933
27.1600000858	-0.229822862128
27.1800000668	-0.216424136481
27.2000000477	-0.227743084357
27.2200000286	-0.219834451932
27.2400000095	-0.226616018737
27.2599999905	-0.216482240391
27.2799999714	-0.225718342064
27.3000001907	-0.221264346971
27.3200001717	-0.225379075088
27.3400001526	-0.22379000625
27.3600001335	-0.220677124257
27.3800001144	-0.225572958796
27.4000000954	-0.242194174984
27.4200000763	-0.208475290742
27.4400000572	-0.233153854689
27.4600000381	-0.206024710452
27.4800000191	-0.222020214421
27.5	-0.227405907779
27.5199999809	-0.226632332581
27.5399999619	-0.226645621561
27.5600001812	-0.223974589371
27.5800001621	-0.214801589155
27.6000001431	-0.220851767585
27.620000124	-0.221599217044
27.6400001049	-0.220041132566
27.6600000858	-0.236989725752
27.6800000668	-0.214201512085
27.7000000477	-0.229024414801
27.7200000286	-0.222056229185
27.7400000095	-0.212995094552
27.7599999905	-0.248684534242
27.7799999714	-0.207981296019
27.8000001907	-0.228105182631
27.8200001717	-0.198930918231
27.8400001526	-0.236828878282
27.8600001335	-0.21562880312
27.8800001144	-0.237414160743
27.9000000954	-0.227598722829
27.9200000763	-0.214510340524
27.9400000572	-0.213925755842
27.9600000381	-0.241887740585
27.9800000191	-0.240862726145
28.0	-0.217397920231
28.0199999809	-0.212762689024
28.0399999619	-0.232227199336
28.0600001812	-0.246934835924
28.0800001621	-0.218346357906
28.1000001431	-0.227057468712
28.120000124	-0.229904495236
28.1400001049	-0.232302183421
28.1600000858	-0.227169283898
28.1800000668	-0.21110657834
28.2000000477	-0.252788667386
28.2200000286	-0.23464938149
28.2400000095	-0.228084838803
28.2599999905	-0.216545197772
28.2799999714	-0.225157632941
28.3000001907	-0.233787408009
28.3200001717	-0.212446316303
28.3400001526	-0.287249999213
28.3600001335	-0.212472422327
28.3800001144	-0.235811708461
28.4000000954	-0.220704948542
28.4200000763	-0.220518653251
28.4400000572	-0.231128817375
28.4600000381	-0.222786448624
28.4800000191	-0.21239423588
28.5	-0.25485026345
28.5199999809	-0.209009157531
28.5399999619	-0.22333608151
28.5600001812	-0.20777055031
28.5800001621	-0.279387081939
28.6000001431	-0.254912313372
28.620000124	-0.20999205581
28.6400001049	-0.237024419628
28.6600000858	-0.218297513343
28.6800000668	-0.232473621322
28.7000000477	-0.236281642241
28.7200000286	-0.237095723869
28.7400000095	-0.256521056329
28.7599999905	-0.217283457065
28.7799999714	-0.221803202722
28.8000001907	-0.235848933058
28.8200001717	-0.224787379872
28.8400001526	-0.236734246912
28.8600001335	-0.235419338358
28.8800001144	-0.236959405991
28.9000000954	-0.24057314545
28.9200000763	-0.231613741665
28.9400000572	-0.242949141314
28.9600000381	-0.203044901616
28.9800000191	-0.213072471854
29.0	-0.249665660157
29.0199999809	-0.247263358876
29.0399999619	-0.237945178041
29.0600001812	-0.252786851582
29.0800001621	-0.261440452038
29.1000001431	-0.20733297308
29.120000124	-0.273980130407
29.1400001049	-0.223004653057
29.1600000858	-0.250292615974
29.1800000668	-0.236854862506
29.2000000477	-0.239387148117
29.2200000286	-0.240877608189
29.2400000095	-0.239072753051
29.2599999905	-0.253944444479
29.2799999714	-0.236107225644
29.3000001907	-0.204928849709
29.3200001717	-0.261846179941
29.3400001526	-0.228855415497
29.3600001335	-0.243704910722
29.3800001144	-0.245501058588
29.4000000954	-0.23237568791
29.4200000763	-0.216670412373
29.4400000572	-0.22691549397
29.4600000381	-0.233103686869
29.4800000191	-0.280454140983
29.5	-0.207276698002
29.5199999809	-0.212102857649
29.5399999619	-0.213935181685
29.5600001812	-0.249484054798
29.5800001621	-0.215765955172
29.6000001431	-0.258867906475
29.620000124	-0.216231047822
29.6400001049	-0.269731926647
29.6600000858	-0.215132018822
29.6800000668	-0.241942077209
29.7000000477	-0.220673087126
29.7200000286	-0.217273254022
29.7400000095	-0.229521997748
29.7599999905	-0.227202765656
29.7799999714	-0.189970471522
29.8000001907	-0.205647058014
29.8200001717	-0.197447304479
29.8400001526	-0.197342105743
29.8600001335	-0.191591159531
29.8800001144	-0.173800696652
29.9000000954	-0.177725899363
29.9200000763	-0.158228726312
29.9400000572	-0.150300036494
29.9600000381	-0.14400647346
29.9800000191	-0.135395469297
30.0	-0.12826388333
30.0199999809	-0.114596233767
30.0399999619	-0.0899183561438
30.0600001812	-0.0884388856062
30.0800001621	-0.0633337330108
30.1000001431	-0.0652213637923
30.120000124	-0.0462823774525
30.1400001049	-0.0385807396796
30.1600000858	-0.0238413390799
30.1800000668	-0.0139232126337
30.2000000477	-0.00156653571814
30.2200000286	-0.00926054859704
30.2400000095	0.00819330317214
30.2599999905	0.0686455443821
30.2799999714	0.0252006243984
30.3000001907	0.0603133746131
30.3200001717	0.0592313680381
30.3400001526	0.0710181891772
30.3600001335	0.0800115932747
30.3800001144	0.0933228059067
30.4000000954	0.100288236747
30.4200000763	0.121048481499
30.4400000572	0.124378820577
30.4600000381	0.12571250859
30.4800000191	0.128232526446
30.5	0.139430612403
30.5199999809	0.15089051926
30.5399999619	0.151197015142
30.5600001812	0.164162810409
30.5800001621	0.19611169259
30.6000001431	0.17008170802
30.620000124	0.186188536105
30.6400001049	0.165827550885
30.6600000858	0.145216149714
30.6800000668	0.204546949963
30.7000000477	0.178567547643
30.7200000286	0.168355716837
30.7400000095	0.239555777313
30.7599999905	0.268361309149
30.7799999714	0.159866309457
30.8000001907	0.19943082638
30.8200001717	0.200838969237
30.8400001526	0.200461810002
30.8600001335	0.225840069191
30.8800001144	0.211614875546
30.9000000954	0.222617798557
30.9200000763	0.195982975929
30.9400000572	0.236501090427
30.9600000381	0.221701190097
30.9800000191	0.21109221603
31.0	0.20794778345
31.0199999809	0.227180442731
31.0399999619	0.211914602472
31.0600001812	0.216915925345
31.0800001621	0.224268574458
31.1000001431	0.21205286306
31.120000124	0.221503885813
31.1400001049	0.213183600419
31.1600000858	0.208220036007
31.1800000668	0.20921281575
31.2000000477	0.223569117496
31.2200000286	0.241476341351
31.2400000095	0.200333947058
31.2599999905	0.212816059764
31.2799999714	0.194482045504
31.3000001907	0.192973034886
31.3200001717	0.223035025204
31.3400001526	0.191470199941
31.3600001335	0.218336583094
31.3800001144	0.22158916574
31.4000000954	0.164929357402
31.4200000763	0.221254776152
31.4400000572	0.181036359156
31.4600000381	0.203411643171
31.4800000191	0.203922548917
31.5	0.187560796846
31.5199999809	0.202989467861
31.5399999619	0.19180402538
31.5600001812	0.173096093466
31.5800001621	0.201436228234
31.6000001431	0.219681887283
31.620000124	0.223715876689
31.6400001049	0.17790228168
31.6600000858	0.180225191943
31.6800000668	0.163147040931
31.7000000477	0.173360210665
31.7200000286	0.199664078723
31.7400000095	0.198662352047
31.7599999905	0.219743725351
31.7799999714	0.180126106945
31.8000001907	0.175985328387
31.8200001717	0.197142568719
31.8400001526	0.185175171732
31.8600001335	0.196512574118
31.8800001144	0.189460005229
31.9000000954	0.191172903653
31.9200000763	0.187051698396
31.9400000572	0.192301861157
31.9600000381	0.184719053853
31.9800000191	0.184661017215
32.0	0.201399379465
32.0199999809	0.182137922744
32.0399999619	0.191284438513
32.0600001812	0.220029618417
32.0800001621	0.185438175202
32.1000001431	0.198940603803
32.120000124	0.190235592627
32.1400001049	0.206690439566
32.1600000858	0.206043128807
32.1800000668	0.201901813644
32.2000000477	0.201015265627
32.2200000286	0.220909398304
32.2400000095	0.21320212036
32.2599999905	0.207853478741
32.2799999714	0.21823866364
32.3000001907	0.20959372374
32.3200001717	0.215713460672
32.3400001526	0.204987526462
32.3600001335	0.207335509363
32.3800001144	0.226736565743
32.4000000954	0.22031719744
32.4200000763	0.22486211166
32.4400000572	0.210643015629
32.4600000381	0.216769373838
32.4800000191	0.216547886838
32.5	0.222247275344
32.5199999809	0.223112206637
32.5399999619	0.217480941434
32.5600001812	0.213989052545
32.5800001621	0.217277562009
32.6000001431	0.220894503797
32.620000124	0.243600060028
32.6400001049	0.237928642389
32.6600000858	0.213975102868
32.6800000668	0.222156812412
32.7000000477	0.220630363438
32.7200000286	0.232501126312
32.7400000095	0.225188919309
32.7599999905	0.224784455692
32.7799999714	0.225737366528
32.8000001907	0.229528280661
32.8200001717	0.221771858556
32.8400001526	0.224994310419
32.8600001335	0.225846281069
32.8800001144	0.224105668926
32.9000000954	0.21559285393
32.9200000763	0.219043730754
32.9400000572	0.231116827349
32.9600000381	0.218902810594
32.9800000191	0.22843240746
33.0	0.215373252742
33.0199999809	0.213384458904
33.0399999619	0.22422124812
33.0600001812	0.218633497188
33.0800001621	0.222562202068
33.1000001431	0.220806095645
33.120000124	0.216863010257
33.1400001049	0.204986268461
33.1600000858	0.220707937035
33.1800000668	0.217674283218
33.2000000477	0.225227076876
33.2200000286	0.206697520429
33.2400000095	0.20838999438
33.2599999905	0.199228768788
33.2799999714	0.209013369045
33.3000001907	0.220202786735
33.3200001717	0.213240985184
33.3400001526	0.211160038003
33.3600001335	0.206680546675
33.3800001144	0.209240944513
33.4000000954	0.215865446238
33.4200000763	0.214499282803
33.4400000572	0.214426109865
33.4600000381	0.205717808641
33.4800000191	0.201634752782
33.5	0.201543263188
33.5199999809	0.205243854738
33.5399999619	0.204447477071
33.5600001812	0.201151842832
33.5800001621	0.202453607146
33.6000001431	0.204012106552
33.620000124	0.199499646014
33.6400001049	0.204171592685
33.6600000858	0.204786867407
33.6800000668	0.193368805859
33.7000000477	0.199645398271
33.7200000286	0.206073662361
33.7400000095	0.194623965112
33.7599999905	0.19819110954
33.7799999714	0.199320104358
33.8000001907	0.194838898935
33.8200001717	0.196484632772
33.8400001526	0.193698172004
33.8600001335	0.190843122475
33.8800001144	0.186090695741
33.9000000954	0.190381433375
33.9200000763	0.190142285907
33.9400000572	0.185778002313
33.9600000381	0.187802624883
33.9800000191	0.181994327475
34.0	0.18458201872
34.0199999809	0.191912473264
34.0399999619	0.190597889003
34.0600001812	0.188981529566
34.0800001621	0.183230923599
34.1000001431	0.187007186483
34.120000124	0.178934705137
34.1400001049	0.185195270684
34.1600000858	0.190888907425
34.1800000668	0.18557961103
34.2000000477	0.180909710162
34.2200000286	0.178379354157
34.2400000095	0.179506836528
34.2599999905	0.180989839541
34.2799999714	0.190366057131
34.3000001907	0.188765030433
34.3200001717	0.18610191615
34.3400001526	0.184092987699
34.3600001335	0.180384357451
34.3800001144	0.185405031675
34.4000000954	0.187161802018
34.4200000763	0.186099755581
34.4400000572	0.185274737084
34.4600000381	0.191206512889
34.4800000191	0.191930908621
34.5	0.199514450396
34.5199999809	0.192039122049
34.5399999619	0.197485838841
34.5600001812	0.192426993236
34.5800001621	0.185835942408
34.6000001431	0.197396689235
34.620000124	0.194047980877
34.6400001049	0.19179949008
34.6600000858	0.194843372025
34.6800000668	0.192936525584
34.7000000477	0.198012091513
34.7200000286	0.198085456674
34.7400000095	0.198924553557
34.7599999905	0.195035313779
34.7799999714	0.199307836683
34.8000001907	0.191602984791
34.8200001717	0.19754627317
34.8400001526	0.20874386106
34.8600001335	0.205922828973
34.8800001144	0.196224921744
34.9000000954	0.206833949646
34.9200000763	0.207116587196
34.9400000572	0.205169489126
34.9600000381	0.207924781071
34.9800000191	0.204880626928
35.0	0.203378989874
35.0199999809	0.20767922824
35.0399999619	0.210285886668
35.0600001812	0.197068922555
35.0800001621	0.209518116742
35.1000001431	0.20914388431
35.120000124	0.211902785527
35.1400001049	0.217819491373
35.1600000858	0.213261408935
35.1800000668	0.215328208994
35.2000000477	0.216079970284
35.2200000286	0.211882803595
35.2400000095	0.219373707785
35.2599999905	0.215749975688
35.2799999714	0.219112225242
35.3000001907	0.217395817436
35.3200001717	0.225494770541
35.3400001526	0.214230918158
35.3600001335	0.208792219343
35.3800001144	0.202637982497
35.4000000954	0.212905874382
35.4200000763	0.20847632466
35.4400000572	0.210697456251
35.4600000381	0.205354989634
35.4800000191	0.203221894746
35.5	0.207667416112
35.5199999809	0.200955751466
35.5399999619	0.203480149225
35.5600001812	0.187245664868
35.5800001621	0.188717342297
35.6000001431	0.185238837433
35.620000124	0.177348017522
35.6400001049	0.175110910319
35.6600000858	0.175094546552
35.6800000668	0.166654118148
35.7000000477	0.160546320921
35.7200000286	0.150350920917
35.7400000095	0.157541713814
35.7599999905	0.146475000302
35.7799999714	0.144443343035
35.8000001907	0.136440622735
35.8200001717	0.129617657102
35.8400001526	0.123012032265
35.8600001335	0.118597282079
35.8800001144	0.11369481328
35.9000000954	0.111632199146
35.9200000763	0.105228905344
35.9400000572	0.100952316842
35.9600000381	0.09573502709
35.9800000191	0.090592457902
36.0	0.0851416306284
36.0199999809	0.0744377703936
36.0399999619	0.0742380477635
36.0600001812	0.0665998804499
36.0800001621	0.0676606599444
36.1000001431	0.0511228880241
36.120000124	0.0503618643675
36.1400001049	0.0480491439386
36.1600000858	0.044402072942
36.1800000668	0.0382805647944
36.2000000477	0.0408073518008
36.2200000286	0.0295630533291
36.2400000095	0.0331432583725
36.2599999905	0.0121397891034
36.2799999714	0.0149982860869
36.3000001907	0.00387565375078
36.3200001717	0.0013093550858
36.3400001526	-0.00288235249893
36.3600001335	-0.00852531286583
36.3800001144	-0.014757327871
36.4000000954	-0.0239811500539
36.4200000763	-0.026174854431
36.4400000572	-0.0313110395389
36.4600000381	-0.0366850359393
36.4800000191	-0.0444247624756
36.5	-0.047403337242
36.5199999809	-0.053242954943
36.5399999619	-0.0610264816347
36.5600001812	-0.0608695133368
36.5800001621	-0.0694495522438
36.6000001431	-0.0730897715914
36.620000124	-0.0844636028955
36.6400001049	-0.0873354791376
36.6600000858	-0.0914060623674
36.6800000668	-0.100831188041
36.7000000477	-0.107142647617
36.7200000286	-0.112038458917
36.7400000095	-0.11771186163
36.7599999905	-0.122254312347
36.7799999714	-0.127143608542
36.8000001907	-0.135708178435
36.8200001717	-0.135348488711
36.8400001526	-0.150583236911
36.8600001335	-0.146545871272
36.8800001144	-0.159959963663
36.9000000954	-0.162617631978
36.9200000763	-0.175601528965
36.9400000572	-0.175684990705
36.9600000381	-0.172322786415
36.9800000191	-0.183285604769
37.0	-0.184428532453
37.0199999809	-0.195693308078
37.0399999619	-0.198099700547
37.0600001812	-0.198435875343
37.0800001621	-0.208932755908
37.1000001431	-0.200589398385
37.120000124	-0.214002343138
37.1400001049	-0.219313059612
37.1600000858	-0.22730759861
37.1800000668	-0.213480942905
37.2000000477	-0.225189961194
37.2200000286	-0.220725307994
37.2400000095	-0.240194511057
37.2599999905	-0.229887407108
37.2799999714	-0.242427428882
37.3000001907	-0.235969262034
37.3200001717	-0.25511940073
37.3400001526	-0.253126886675
37.3600001335	-0.247258346322
37.3800001144	-0.249998588127
37.4000000954	-0.252446681396
37.4200000763	-0.251979683793
37.4400000572	-0.254963548855
37.4600000381	-0.256616971848
37.4800000191	-0.265759941211
37.5	-0.26435264351
37.5199999809	-0.269237506641
37.5399999619	-0.266077983796
37.5600001812	-0.274970212049
37.5800001621	-0.264521646544
37.6000001431	-0.286696152021
37.620000124	-0.268810504163
37.6400001049	-0.282130101397
37.6600000858	-0.280056904715
37.6800000668	-0.280195177536
37.7000000477	-0.276644502988
37.7200000286	-0.279753692222
37.7400000095	-0.267643884127
37.7599999905	-0.299093594932
37.7799999714	-0.276448327887
37.8000001907	-0.286327455186
37.8200001717	-0.284511519061
37.8400001526	-0.288117411545
37.8600001335	-0.294058242903
37.8800001144	-0.293906171466
37.9000000954	-0.286712185509
37.9200000763	-0.276481896035
37.9400000572	-0.27847734339
37.9600000381	-0.290409262101
37.9800000191	-0.283577310035
38.0	-0.280442195509
38.0199999809	-0.280060419433
38.0399999619	-0.283559713649
38.0600001812	-0.283543153607
38.0800001621	-0.281300831958
38.1000001431	-0.298342640496
38.120000124	-0.276607438943
38.1400001049	-0.280284427237
38.1600000858	-0.291957712863
38.1800000668	-0.263476994411
38.2000000477	-0.281844926084
38.2200000286	-0.277032021304
38.2400000095	-0.281216511463
38.2599999905	-0.276655142301
38.2799999714	-0.27074941762
38.3000001907	-0.28417205184
38.3200001717	-0.295667687695
38.3400001526	-0.268881937313
38.3600001335	-0.276097256625
38.3800001144	-0.289441961752
38.4000000954	-0.273255418266
38.4200000763	-0.276572856838
38.4400000572	-0.250773449343
38.4600000381	-0.293437422047
38.4800000191	-0.273468836132
38.5	-0.266212297028
38.5199999809	-0.269960922744
38.5399999619	-0.273461375975
38.5600001812	-0.295141898222
38.5800001621	-0.264431110793
38.6000001431	-0.280089676671
38.620000124	-0.253661952699
38.6400001049	-0.270465748532
38.6600000858	-0.284875027103
38.6800000668	-0.266420010426
38.7000000477	-0.270220635375
38.7200000286	-0.276247289795
38.7400000095	-0.289772138109
38.7599999905	-0.251457294421
38.7799999714	-0.27504675337
38.8000001907	-0.264424176835
38.8200001717	-0.25177096167
38.8400001526	-0.278180419374
38.8600001335	-0.265202306483
38.8800001144	-0.284078592549
38.9000000954	-0.250942216967
38.9200000763	-0.27863671713
38.9400000572	-0.253619020659
38.9600000381	-0.26166243572
38.9800000191	-0.255003968473
39.0	-0.267280033634
39.0199999809	-0.28013827309
39.0399999619	-0.267124062317
39.0600001812	-0.253251547597
39.0800001621	-0.261144511003
39.1000001431	-0.256410292206
39.120000124	-0.264903646007
39.1400001049	-0.234175879881
39.1600000858	-0.250492806404
39.1800000668	-0.282427927102
39.2000000477	-0.241435465098
39.2200000286	-0.252244726452
39.2400000095	-0.27874156322
39.2599999905	-0.241770129643
39.2799999714	-0.2578367391
39.3000001907	-0.245609263119
39.3200001717	-0.256104304657
39.3400001526	-0.247965124468
39.3600001335	-0.244128811305
39.3800001144	-0.246669683401
39.4000000954	-0.24713275834
39.4200000763	-0.256960974649
39.4400000572	-0.23975459581
39.4600000381	-0.241441562526
39.4800000191	-0.235646499153
39.5	-0.243671751354
39.5199999809	-0.250332517976
39.5399999619	-0.228343762516
39.5600001812	-0.268000619338
39.5800001621	-0.21384585751
39.6000001431	-0.241566924535
39.620000124	-0.227501303237
39.6400001049	-0.236462495599
39.6600000858	-0.226765274675
39.6800000668	-0.228007063279
39.7000000477	-0.211937888163
39.7200000286	-0.223810237958
39.7400000095	-0.24194349837
39.7599999905	-0.221524126635
39.7799999714	-0.219291549761
39.8000001907	-0.214682469767
39.8200001717	-0.218826082361
39.8400001526	-0.217630828497
39.8600001335	-0.222361872433
39.8800001144	-0.218806083348
39.9000000954	-0.20418556547
39.9200000763	-0.209589841906
39.9400000572	-0.211851117506
39.9600000381	-0.213671047404
39.9800000191	-0.210587562701
40.0	-0.211720042415
40.0199999809	-0.207156947305
40.0399999619	-0.208285403821
40.0600001812	-0.205796736614
40.0800001621	-0.206076914756
40.1000001431	-0.215407535037
40.120000124	-0.205698853017
40.1400001049	-0.208808769662
40.1600000858	-0.196515858366
40.1800000668	-0.209530381352
40.2000000477	-0.211448209171
40.2200000286	-0.207616535096
40.2400000095	-0.211566121712
40.2599999905	-0.206071289026
40.2799999714	-0.205336243455
40.3000001907	-0.202390710157
40.3200001717	-0.201293208956
40.3400001526	-0.20787198893
40.3600001335	-0.213529990493
40.3800001144	-0.207556288596
40.4000000954	-0.205510635494
40.4200000763	-0.214908637998
40.4400000572	-0.208633406011
40.4600000381	-0.183019038202
40.4800000191	-0.2171211747
40.5	-0.199392370267
40.5199999809	-0.205238225509
40.5399999619	-0.205932932208
40.5600001812	-0.208426164266
40.5800001621	-0.200613275395
40.6000001431	-0.201540350255
40.620000124	-0.181250668875
40.6400001049	-0.241864342298
40.6600000858	-0.175187202702
40.6800000668	-0.165322639895
40.7000000477	-0.210454121001
40.7200000286	-0.216390404174
40.7400000095	-0.223696293686
40.7599999905	-0.173985321214
40.7799999714	-0.183823649236
40.8000001907	-0.186342512333
