noise_x noise_y vxd vyd time
-0.0507633523941 -0.0688331375122 -0.2 0.0 0.0
-0.0493092880249 -0.0682535362244 -0.2 0.0 0.0288450717926
-0.0485266656876 -0.0680706253052 -0.2 0.0 0.0572140216827
-0.0459336385727 -0.0668268127441 -0.2 0.0 0.085883140564
-0.043999879837 -0.0664224205017 -0.2 0.0 0.114666938782
-0.042906662941 -0.0660250854492 -0.2 0.0 0.143110990524
-0.0393053627014 -0.0651299877167 -0.2 0.0 0.17191195488
-0.040103638649 -0.0656077480316 -0.2 0.0 0.200297117233
-0.0362183189392 -0.0647076969147 -0.2 0.0 0.228849172592
-0.033893743515 -0.0643373069763 -0.2 0.0 0.258164167404
-0.0342820882797 -0.0644139595032 -0.2 0.0 0.286339044571
-0.0301503753662 -0.0635120563507 -0.2 0.0 0.313503026962
-0.0265972900391 -0.0627167663574 -0.2 0.0 0.343050956726
-0.0264511852264 -0.0632278575897 -0.2 0.0 0.371607065201
-0.0224824428558 -0.0622726192474 -0.2 0.0 0.400465011597
-0.0207737579346 -0.0619085063934 -0.2 0.0 0.428704977036
-0.0196431379318 -0.0617050037384 -0.2 0.0 0.458492994308
-0.0172251214981 -0.0613764896393 -0.2 0.0 0.486217021942
-0.0149147119522 -0.0606242656708 -0.2 0.0 0.514724969864
-0.0131616334915 -0.0608165607452 -0.2 0.0 0.542701005936
-0.0108095960617 -0.0604440631866 -0.2 0.0 0.571861028671
-0.0116036682129 -0.0598301296234 -0.2 0.0 0.600069999695
-0.0156570615768 -0.0596315889359 -0.2 0.0 0.628721952438
-0.0186005363464 -0.0592155408859 -0.2 0.0 0.657200098038
-0.0221581897736 -0.0587274894714 -0.2 0.0 0.685891151428
-0.0273322057724 -0.0582720489502 -0.2 0.0 0.714435100555
-0.0308801612854 -0.0578491888046 -0.2 0.0 0.743155002594
-0.0343338003159 -0.0575772342682 -0.2 0.0 0.771667003632
-0.0388967618942 -0.0573309249878 -0.2 0.0 0.800411939621
-0.0412402219772 -0.0569695034027 -0.2 0.0 0.828825950623
-0.0473409175873 -0.0570883970261 -0.2 0.0 0.857445955276
-0.0496974039078 -0.0563865804672 -0.2 0.0 0.885895967484
-0.0535567922592 -0.0561843819618 -0.2 0.0 0.914391040802
-0.0587263441086 -0.0565407867432 -0.2 0.0 0.942964076996
-0.061210018158 -0.0557859172821 -0.2 0.0 0.971606969833
-0.0629469385147 -0.0552984113693 -0.2 0.0 1.0
-0.0669339103699 -0.055263502121 -0.2 0.0 1.02908110619
-0.069419462204 -0.0552196521759 -0.2 0.0 1.0572719574
-0.0715363407135 -0.0542968790531 -0.2 0.0 1.08624505997
-0.0750904512405 -0.0550358951092 -0.2 0.0 1.11354613304
-0.0767555532455 -0.0548926842213 -0.2 0.0 1.14261412621
-0.0785533952713 -0.0540617263317 -0.2 0.0 1.17171812057
-0.0816495285034 -0.0542188659906 -0.2 0.0 1.20032906532
-0.0831808633804 -0.0534711211622 -0.2 0.0 1.22871994972
-0.0840294265747 -0.0531499026567 -0.2 0.0 1.25690197945
-0.0863578901291 -0.0534251233339 -0.2 0.0 1.28508615494
-0.087992521286 -0.0525354611874 -0.2 0.0 1.31462097168
-0.0889529981613 -0.0521385887861 -0.2 0.0 1.34298110008
-0.0888958377838 -0.0518278896809 -0.2 0.0 1.37164711952
-0.0919051733017 -0.0515971319675 -0.2 0.0 1.40041804314
-0.0904809560776 -0.0511603102684 -0.2 0.0 1.42885613441
-0.0916397323608 -0.0502987723351 -0.2 0.0 1.4573571682
-0.0944534101486 -0.0500285050869 -0.2 0.0 1.48561406136
-0.0928523607254 -0.049390737772 -0.2 0.0 1.51452994347
-0.0929499979019 -0.0486115033627 -0.2 0.0 1.54309606552
-0.0961849250793 -0.0488437228203 -0.2 0.0 1.57158613205
-0.095294593811 -0.0478436632156 -0.2 0.0 1.60027194023
-0.0944688711166 -0.0471329312325 -0.2 0.0 1.6287791729
-0.0975303602219 -0.046668618679 -0.2 0.0 1.65751099586
-0.096843711853 -0.0464537830353 -0.2 0.0 1.68604898453
-0.0963548698425 -0.0460892701149 -0.2 0.0 1.71432995796
-0.0983956098557 -0.0455490589142 -0.2 0.0 1.74318695068
-0.0986812200546 -0.045101503849 -0.2 0.0 1.77203512192
-0.0993087339401 -0.0446900634766 -0.2 0.0 1.80027413368
-0.100786052704 -0.043968829155 -0.2 0.0 1.82894301414
-0.0998325986862 -0.043076690197 -0.2 0.0 1.85741496086
-0.102649965286 -0.0428603086472 -0.2 0.0 1.88626003265
-0.102013155937 -0.0419211573601 -0.2 0.0 1.91452002525
-0.103364484787 -0.0411858081818 -0.2 0.0 1.94314098358
-0.104378109932 -0.0409835252762 -0.2 0.0 1.9717271328
-0.103456118584 -0.0403317923546 -0.2 0.0 2.00060296059
-0.104931330681 -0.0393961167336 -0.2 0.0 2.02875614166
-0.105981781006 -0.0392182412148 -0.2 0.0 2.05740094185
-0.104151067734 -0.0390299158096 -0.2 0.0 2.08591508865
-0.105445269585 -0.0381760025024 -0.2 0.0 2.11463212967
-0.10642629528 -0.0380991477966 -0.2 0.0 2.14308714867
-0.106221067429 -0.0374382400513 -0.2 0.0 2.17173814774
-0.106903659821 -0.0365583753586 -0.2 0.0 2.20019412041
-0.107944319725 -0.0362007303238 -0.2 0.0 2.22898411751
-0.107645205498 -0.0353005743027 -0.2 0.0 2.25768899918
-0.108132885933 -0.03492973423 -0.2 0.0 2.28616309166
-0.109025435448 -0.0347692480087 -0.2 0.0 2.31457805634
-0.108804101944 -0.0340422334671 -0.2 0.0 2.34327197075
-0.109101988792 -0.0333553829193 -0.2 0.0 2.37163209915
-0.109528289795 -0.0337684268951 -0.2 0.0 2.40027403831
-0.108377667427 -0.0328303394318 -0.2 0.0 2.42846298218
-0.111010411263 -0.0325801143646 -0.2 0.0 2.45786595345
-0.11024971199 -0.0321113758087 -0.2 0.0 2.48622512817
-0.10928015995 -0.0318923034668 -0.2 0.0 2.51424598694
-0.112582024574 -0.031054816246 -0.2 0.0 2.54238414764
-0.10783560276 -0.030900308609 0.2 0.0 2.5775179863
-0.103887951851 -0.0302404356003 0.2 0.0 2.60045099258
-0.0988077392578 -0.0302493991852 0.2 0.0 2.62916302681
-0.0917562932968 -0.0294799203873 0.2 0.0 2.65719795227
-0.0869386577606 -0.0289003868103 0.2 0.0 2.68632006645
-0.081578042984 -0.029198674202 0.2 0.0 2.71450901031
-0.074932808876 -0.0291024084091 0.2 0.0 2.74328303337
-0.0710375146866 -0.0282297000885 0.2 0.0 2.77082109451
-0.0649597539902 -0.0285622825623 0.2 0.0 2.80015015602
-0.0589303779602 -0.0278140830994 0.2 0.0 2.82886004448
-0.0540914936066 -0.0275330209732 0.2 0.0 2.85763502121
-0.0494345026016 -0.0274258394241 0.2 0.0 2.88617300987
-0.0431092405319 -0.0269480757713 0.2 0.0 2.91462111473
-0.0395793609619 -0.026333360672 0.2 0.0 2.94290709496
-0.0345154094696 -0.0266981258392 0.2 0.0 2.97175097466
-0.0284177732468 -0.026567399025 0.2 0.0 3.00017905235
-0.0260741214752 -0.0264460678101 0.2 0.0 3.02937316895
-0.0212052240372 -0.0260032234192 0.2 0.0 3.05742502213
-0.0170823335648 -0.0263301789761 0.2 0.0 3.08592414856
-0.0148548679352 -0.0256141064167 0.2 0.0 3.11459207535
-0.0111275243759 -0.0255516803265 0.2 0.0 3.14316010475
-0.00926666355133 -0.0258025677204 0.2 0.0 3.17142510414
-0.00482749176025 -0.0260487254858 0.2 0.0 3.20037698746
-0.00333536338806 -0.0261537396014 0.2 0.0 3.22873616219
0.000643932342529 -0.0266125485152 0.2 0.0 3.25814509392
0.00311036682129 -0.0267198199034 0.2 0.0 3.28598594666
0.00434660434723 -0.0268837034702 0.2 0.0 3.31429815292
0.00627723407745 -0.0273262759447 0.2 0.0 3.34302210808
0.00848030090332 -0.0278201682568 0.2 0.0 3.37241506577
0.00936493682861 -0.0280131261349 0.2 0.0 3.40005111694
0.0105393457413 -0.0283326821327 0.2 0.0 3.4287250042
0.0135061683655 -0.0292101616859 0.2 0.0 3.45732498169
0.0143515892029 -0.0295401022434 0.2 0.0 3.4861240387
0.016153213501 -0.0301803987026 0.2 0.0 3.51447606087
0.0173954048157 -0.0307371675968 0.2 0.0 3.54296112061
0.0177279186249 -0.030698776722 0.2 0.0 3.57140517235
0.0190383005142 -0.0314249448776 0.2 0.0 3.60006093979
0.0196087751389 -0.0320088572502 0.2 0.0 3.62880802155
0.020437289238 -0.0324651741982 0.2 0.0 3.6571559906
0.0213650274277 -0.0329321918488 0.2 0.0 3.68600106239
0.0219409570694 -0.0329351210594 0.2 0.0 3.71451497078
0.0223422737122 -0.0331667690277 0.2 0.0 3.74186396599
0.0244930028915 -0.0340403113365 0.2 0.0 3.77071094513
0.025723824501 -0.0344957962036 0.2 0.0 3.80043005943
0.0261817111969 -0.0346705904007 0.2 0.0 3.8288731575
0.0262838592529 -0.035106575489 0.2 0.0 3.85733413696
0.0267426233292 -0.0352957468033 0.2 0.0 3.88596105576
0.0269965543747 -0.0357669682503 0.2 0.0 3.91472911835
0.02926055336 -0.0359322528839 0.2 0.0 3.94353294373
0.0297945261002 -0.0362425336838 0.2 0.0 3.97154712677
0.0285583953857 -0.0360819344521 0.2 0.0 4.00010895729
0.0318585309982 -0.0365057387352 0.2 0.0 4.02868008614
0.0303665475845 -0.0362453856468 0.2 0.0 4.05656003952
0.0297349214554 -0.035997218132 0.2 0.0 4.08524394035
0.0319324922562 -0.0360866775513 0.2 0.0 4.11473608017
0.0301535329819 -0.0358599395752 0.2 0.0 4.14275503159
0.0307906522751 -0.035824754715 0.2 0.0 4.17178416252
0.0328879098892 -0.0358326406479 0.2 0.0 4.19954395294
0.0329274139404 -0.0341210947037 0.2 0.0 4.22901797295
0.0367875337601 -0.0313593845367 0.2 0.0 4.25632095337
0.0413071231842 -0.0283016309738 0.2 0.0 4.28520703316
0.0425782146454 -0.0251905107498 0.2 0.0 4.31427598
0.0460255317688 -0.0222808609009 0.2 0.0 4.34226202965
0.0496506271362 -0.0189543247223 0.2 0.0 4.37122416496
0.0505233345032 -0.0153094930649 0.2 0.0 4.4006421566
0.0535136327744 -0.0126087427139 0.2 0.0 4.42853403091
0.0580345392227 -0.00997963809967 0.2 0.0 4.45785808563
0.0587157821655 -0.00684912586212 0.2 0.0 4.48525309563
0.0620459938049 -0.00439140892029 0.2 0.0 4.51485800743
0.0660826835632 -0.00221345615387 0.2 0.0 4.54281401634
0.0655155220032 0.000970950126648 0.2 0.0 4.57151007652
0.0694338321686 0.002632396698 0.2 0.0 4.60009503365
0.0709508018494 0.0044110326767 0.2 0.0 4.62970900536
0.0707931957245 0.00704620933533 0.2 0.0 4.65633606911
0.0738180341721 0.00821190547943 0.2 0.0 4.68600797653
0.0744796609879 0.00928300952911 0.2 0.0 4.71448612213
0.0739954910278 0.0116199140549 0.2 0.0 4.74336695671
0.0760353899002 0.0118284273148 0.2 0.0 4.77192115784
0.0747108650208 0.0121811485291 0.2 0.0 4.80010199547
0.0740143709183 0.0126986236572 0.2 0.0 4.82890701294
0.0746047487259 0.0120235795975 0.2 0.0 4.85743713379
0.0733829488754 0.0111334009171 0.2 0.0 4.88577699661
0.0721803245544 0.0123290328979 0.2 0.0 4.91437697411
0.0721443004608 0.0108170003891 0.2 0.0 4.94300293922
0.069709769249 0.00938668251038 0.2 0.0 4.97170114517
0.0668811101913 0.0104356603622 0.2 0.0 5.00027704239
0.0662376098633 0.00837950801849 0.2 0.0 5.02862811089
0.0632117481232 0.0062908000946 0.2 0.0 5.0573990345
0.0613176279068 0.0070350522995 0.2 0.0 5.08617115021
0.059508641243 0.00304640960693 0.2 0.0 5.11458396912
0.0561810979843 0.000700722694397 0.2 0.0 5.14306116104
0.0559591360092 0.00097315788269 0.2 0.0 5.17167711258
0.0513853530884 -0.00118972110748 0.2 0.0 5.20064997673
0.0497993583679 -0.00387913417816 0.2 0.0 5.22969603539
0.0465319566727 -0.0030538482666 0.2 0.0 5.25763511658
0.0427031421661 -0.00539743709564 0.2 0.0 5.28615117073
0.0418483381271 -0.00663096046448 0.2 0.0 5.31452512741
0.0382506895065 -0.00889194011688 0.2 0.0 5.34297704697
0.0348695116043 -0.0109187994003 0.2 0.0 5.37174797058
0.0345870428085 -0.0105702953339 0.2 0.0 5.40030908585
0.0311794672012 -0.0123986196518 0.2 0.0 5.42885112762
0.0280927972794 -0.0144388771057 0.2 0.0 5.45732402802
0.0280484485626 -0.0138515119553 0.2 0.0 5.48582005501
0.0239231653214 -0.0152723398209 0.2 0.0 5.51461696625
0.0211473369598 -0.0167092227936 0.2 0.0 5.54323410988
0.0210930194855 -0.0159723958969 0.2 0.0 5.57209706306
0.0181814022064 -0.0186074361801 0.2 0.0 5.60052514076
0.0153829669952 -0.0193457393646 0.2 0.0 5.62891316414
0.0157730550766 -0.0184654226303 0.2 0.0 5.65761995316
0.0132186517715 -0.0205489664078 0.2 0.0 5.68630504608
0.0115227851868 -0.0191036329269 0.2 0.0 5.71491217613
0.0112044467926 -0.0200228319168 0.2 0.0 5.74318814278
0.00843091869354 -0.0205135374069 0.2 0.0 5.77106809616
0.00698131275177 -0.0188363389969 0.2 0.0 5.79986000061
0.00714249897003 -0.0195066652298 0.2 0.0 5.82901000977
0.00524134254456 -0.0206397132874 0.2 0.0 5.85715603828
0.0061053981781 -0.0193416309357 0.2 0.0 5.88640999794
0.00460486888885 -0.0196163749695 0.2 0.0 5.91469907761
0.00333871459961 -0.0180099191666 0.2 0.0 5.94321703911
0.00194289970398 -0.017943482399 0.2 0.0 5.97180008888
0.00266400051117 -0.0183179349899 0.2 0.0 6.00021409988
0.000737070083618 -0.0166429796219 0.2 0.0 6.02864193916
0.001589594841 -0.0167999162674 0.2 0.0 6.05731916428
0.000713247299194 -0.0160577249527 0.2 0.0 6.08626198769
-0.000180965423584 -0.0168258066177 0.2 0.0 6.1157720089
0.000706959724426 -0.0168661661148 0.2 0.0 6.14313697815
-0.000151336669922 -0.01525877285 0.2 0.0 6.17166399956
-0.00246734619141 -0.0165615673065 0.0 -0.2 6.20161700249
-0.0042646484375 -0.017953868866 0.0 -0.2 6.22923803329
-0.0085859375 -0.0206690244675 0.0 -0.2 6.25755095482
-0.0119993286133 -0.0233632116318 0.0 -0.2 6.28617310524
-0.0137391967773 -0.025433008194 0.0 -0.2 6.31446409225
-0.0173618774414 -0.0280535888672 0.0 -0.2 6.3432199955
-0.0207095947266 -0.0307090110779 0.0 -0.2 6.37166213989
-0.0224313354492 -0.0319470539093 0.0 -0.2 6.40014314651
-0.0258025512695 -0.0344459924698 0.0 -0.2 6.42890405655
-0.0290582885742 -0.0354264621735 0.0 -0.2 6.45747709274
-0.0303290405273 -0.0385223836899 0.0 -0.2 6.48601412773
-0.0340927734375 -0.0395711555481 0.0 -0.2 6.51449799538
-0.0366716918945 -0.0414947166443 0.0 -0.2 6.54301214218
-0.0378323974609 -0.0429207630157 0.0 -0.2 6.57144594193
-0.0402013549805 -0.0441832637787 0.0 -0.2 6.59911894798
-0.0422735595703 -0.0455025129318 0.0 -0.2 6.62862610817
-0.0431134033203 -0.0460356817245 0.0 -0.2 6.65695810318
-0.0447617797852 -0.046565284729 0.0 -0.2 6.68588709831
-0.0461077270508 -0.0455298528671 0.0 -0.2 6.71417999268
-0.046391784668 -0.0474211940765 0.0 -0.2 6.74275112152
-0.0469717407227 -0.047386961937 0.0 -0.2 6.77169299126
-0.0474268798828 -0.045514591217 0.0 -0.2 6.80035805702
-0.0472749633789 -0.0450443582535 0.0 -0.2 6.82806110382
-0.0469392700195 -0.0437818574905 0.0 -0.2 6.85715103149
-0.0464326782227 -0.0408195381165 0.0 -0.2 6.8858859539
-0.0459123535156 -0.0416691150665 0.0 -0.2 6.91464710236
-0.0447976074219 -0.0395445642471 0.0 -0.2 6.94298195839
-0.043450378418 -0.035760260582 0.0 -0.2 6.97127199173
-0.0424760742187 -0.0357373790741 0.0 -0.2 7.0000629425
-0.0407302246094 -0.0328702440262 0.0 -0.2 7.02897906303
-0.0386580810547 -0.0285390987396 0.0 -0.2 7.05776309967
-0.0376270751953 -0.0281962509155 0.0 -0.2 7.08610701561
-0.0349060668945 -0.0228000335693 0.0 -0.2 7.11455202103
-0.0324340820312 -0.019243601799 0.0 -0.2 7.14302802086
-0.0312163085938 -0.0186408643723 0.0 -0.2 7.1714630127
-0.0287360839844 -0.0139544878006 0.0 -0.2 7.20017004013
-0.0260551147461 -0.0103476953506 0.0 -0.2 7.22874808311
-0.0248587646484 -0.00957696056366 0.0 -0.2 7.25646209717
-0.0221164550781 -0.00480428504944 0.0 -0.2 7.28538203239
-0.0202603759766 -0.00327574062347 0.0 -0.2 7.31409311295
-0.0176178588867 0.000314391136169 0.0 -0.2 7.34207010269
-0.0153960571289 0.00482435894012 0.0 -0.2 7.37149596214
-0.0141188354492 0.00542519187927 0.0 -0.2 7.40040302277
-0.0117072753906 0.0098501663208 0.0 -0.2 7.42876410484
-0.00957550048828 0.01281503582 0.0 -0.2 7.45732212067
-0.00865710449219 0.0141985816956 0.0 -0.2 7.48621702194
-0.00656317138672 0.0173631792068 0.0 -0.2 7.51435017586
-0.00462896728516 0.0207332849503 0.0 -0.2 7.54281711578
-0.00350927734375 0.0208643531799 0.0 -0.2 7.57157897949
-0.00149383544922 0.0242286081314 0.0 -0.2 7.60026097298
0.000271423339844 0.0274874582291 0.0 -0.2 7.62965202332
0.000916198730469 0.0278504400253 0.0 -0.2 7.6572060585
0.00272021484375 0.0311115818024 0.0 -0.2 7.68609809875
0.00336517333984 0.0320545663834 0.0 -0.2 7.71470117569
0.00464556884766 0.0338999252319 0.0 -0.2 7.74266815186
0.00551959228516 0.0357630004883 0.0 -0.2 7.77205896378
0.00606640625 0.0366192712784 0.0 -0.2 7.80021810532
0.00716912841797 0.0376429595947 0.0 -0.2 7.82898306847
0.00810327148438 0.0411239490509 0.0 -0.2 7.85725617409
0.00854931640625 0.0407420034409 0.0 -0.2 7.88594603539
0.00916192626953 0.0433889284134 0.0 -0.2 7.91433000565
0.00968676757813 0.0422697620392 0.0 -0.2 7.94298505783
0.0103210449219 0.0434033784866 0.0 -0.2 7.9718170166
0.0107424926758 0.0457006139755 0.0 -0.2 8.00062608719
0.0111749267578 0.0446165742874 0.0 -0.2 8.02891397476
0.0114417114258 0.0466513624191 0.0 -0.2 8.0574221611
0.0117889404297 0.0439671888351 0.0 -0.2 8.08604001999
0.0121563110352 0.0399195575714 0.0 -0.2 8.11450910568
0.012321472168 0.0361384983063 0.0 -0.2 8.14319705963
0.0125758056641 0.0297719640732 0.0 -0.2 8.17173695564
0.0129664916992 0.0247334871292 0.0 -0.2 8.20051908493
0.0132708740234 0.0183161792755 0.0 -0.2 8.22871112823
0.0131935424805 0.0143455123901 0.0 -0.2 8.25719594955
0.0132451171875 0.00929438114166 0.0 -0.2 8.28635406494
0.0134179077148 0.00424968719482 0.0 -0.2 8.31468605995
0.0133823242187 -0.000394349098206 0.0 -0.2 8.34317016602
0.0133501586914 -0.00517207241058 0.0 -0.2 8.37172603607
0.0133449707031 -0.0103078241348 0.0 -0.2 8.40059304237
0.013201965332 -0.0146329069138 0.0 -0.2 8.4288110733
0.0130560302734 -0.0199370260239 0.0 -0.2 8.45728111267
0.0127513427734 -0.0226416625977 0.0 -0.2 8.48598313332
0.0123297729492 -0.0270651283264 0.0 -0.2 8.51487207413
0.0116905517578 -0.0302432823181 0.0 -0.2 8.54318904877
0.0112073364258 -0.0339846849442 0.0 -0.2 8.57160305977
0.0103229980469 -0.0364854202271 0.0 -0.2 8.60022211075
0.0100489501953 -0.0392517108917 0.0 -0.2 8.62884306908
0.00887310791016 -0.041969956398 0.0 -0.2 8.65784716606
0.00772650146484 -0.0432944259644 0.0 -0.2 8.68583703041
0.00711486816406 -0.0467675867081 0.0 -0.2 8.71480894089
0.00561981201172 -0.0466362466812 0.0 -0.2 8.74310207367
0.00479730224609 -0.0482871961594 0.0 -0.2 8.77083897591
0.00312817382813 -0.0491053876877 0.0 -0.2 8.80034899712
0.00150335693359 -0.0487563447952 0.0 -0.2 8.82844614983
0.000524291992188 -0.0500345573425 0.0 -0.2 8.8575360775
-0.001115234375 -0.0507189483643 0.0 -0.2 8.88637399673
-0.00281219482422 -0.0490020179749 0.0 -0.2 8.91444396973
-0.00388818359375 -0.0501071872711 0.0 -0.2 8.94296908379
-0.00610815429687 -0.0488791408539 0.0 -0.2 8.97160005569
-0.00713067626953 -0.0497236366272 0.0 -0.2 9.00003194809
-0.00921893310547 -0.0481072692871 0.0 -0.2 9.02864599228
-0.01116796875 -0.0476607961655 0.0 -0.2 9.05720305443
-0.0121778564453 -0.0481414880753 0.0 -0.2 9.08599710464
-0.014186706543 -0.0466131877899 0.0 -0.2 9.1144361496
-0.0161429443359 -0.0446868801117 0.0 -0.2 9.1428539753
-0.0171170043945 -0.0452599372864 0.0 -0.2 9.17163109779
-0.0195317993164 -0.0428232450485 0.0 -0.2 9.20072507858
-0.0213719482422 -0.04044439888 0.0 -0.2 9.22847294807
-0.0223243408203 -0.0410756063461 0.0 -0.2 9.25673508644
-0.0239674682617 -0.040071149826 0.0 -0.2 9.28622508049
-0.0257510986328 -0.036975399971 0.0 -0.2 9.31460213661
-0.0265634765625 -0.0373310813904 0.0 -0.2 9.34306001663
-0.0276724243164 -0.0377423191071 0.0 -0.2 9.37165307999
-0.0294435424805 -0.0339292993546 0.0 -0.2 9.40021300316
-0.0302443847656 -0.0357253894806 0.0 -0.2 9.4295270443
-0.0319176330566 -0.0314399690628 0.0 -0.2 9.45692110062
-0.0331390075684 -0.030341919899 0.0 -0.2 9.48613214493
-0.0337887878418 -0.0309275197983 0.0 -0.2 9.51472210884
-0.0350813293457 -0.0292888879776 0.0 -0.2 9.54318714142
-0.0360200805664 -0.0270735578537 0.0 -0.2 9.57156896591
-0.0366637878418 -0.0272071990967 0.0 -0.2 9.59997200966
-0.0374381713867 -0.0262295637131 0.0 -0.2 9.6285879612
-0.038474609375 -0.022855260849 0.0 -0.2 9.65734910965
-0.0389857177734 -0.0235943078995 0.0 -0.2 9.68580698967
-0.0394584960938 -0.0230965433121 0.0 -0.2 9.71438407898
-0.0397755126953 -0.0239419775009 0.0 -0.2 9.74296808243
-0.0403941955566 -0.0223594999313 0.0 -0.2 9.77171111107
-0.040877166748 -0.0229680080414 0.0 -0.2 9.80012106895
-0.041513671875 -0.0196656932831 0.0 -0.2 9.82857394218
-0.0418988952637 -0.0193665122986 0.0 -0.2 9.85679197311
-0.0422833862305 -0.020636762619 0.0 -0.2 9.88623595238
-0.0427758178711 -0.0205437650681 0.0 -0.2 9.91485214233
-0.0432174377441 -0.0209601373672 0.0 -0.2 9.94277310371
-0.0440455932617 -0.0197502641678 0.0 -0.2 9.9715731144
-0.0444239501953 -0.0199597358704 0.0 -0.2 10.000221014
-0.0448559570313 -0.0206599216461 0.0 -0.2 10.0287821293
-0.0450125427246 -0.0181791706085 0.0 0.2 10.0574719906
-0.0458879089355 -0.010500202179 0.0 0.2 10.0863800049
-0.0464843139648 -0.00624304199219 0.0 0.2 10.1149220467
-0.0469071655273 -0.0011108083725 0.0 0.2 10.1430330276
-0.0474032592773 0.00508200550079 0.0 0.2 10.1716301441
-0.0478676452637 0.00936787033081 0.0 0.2 10.2001709938
-0.0488838500977 0.0165906476974 0.0 0.2 10.2288250923
-0.0492244873047 0.019531170845 0.0 0.2 10.2562711239
-0.049912322998 0.0257798118591 0.0 0.2 10.2860810757
-0.050897277832 0.0310388536453 0.0 0.2 10.3146650791
-0.0512737426758 0.0347490053177 0.0 0.2 10.3439471722
-0.0517080993652 0.0408269662857 0.0 0.2 10.3717041016
-0.052288482666 0.0453024654388 0.0 0.2 10.400354147
-0.0526405639648 0.0485488481522 0.0 0.2 10.4288480282
-0.0531000366211 0.0529924459457 0.0 0.2 10.45657897
-0.0536452636719 0.0572059173584 0.0 0.2 10.4863991737
-0.0538848266602 0.0594286403656 0.0 0.2 10.5144691467
-0.0537328796387 0.0628513231277 0.0 0.2 10.5429439545
-0.0537662963867 0.0645389738083 0.0 0.2 10.5717730522
-0.0538454589844 0.067935295105 0.0 0.2 10.5995280743
-0.053929473877 0.0694936790466 0.0 0.2 10.6291651726
-0.0536398010254 0.0711833028793 0.0 0.2 10.6577241421
-0.0533570556641 0.0735970592499 0.0 0.2 10.6866271496
-0.0530853271484 0.0741165800095 0.0 0.2 10.714411974
-0.0522119750977 0.0748598957062 0.0 0.2 10.7430090904
-0.052020324707 0.0767668809891 0.0 0.2 10.7714710236
-0.0506598815918 0.0746999073029 0.0 0.2 10.8003201485
-0.0495260620117 0.0741768293381 0.0 0.2 10.8283989429
-0.0490188598633 0.075260597229 0.0 0.2 10.8567290306
-0.0476167907715 0.0739418754578 0.0 0.2 10.8851671219
-0.0462526245117 0.0730071849823 0.0 0.2 10.9148061275
-0.045486541748 0.0741062469482 0.0 0.2 10.9427270889
-0.0433379821777 0.0700446596146 0.0 0.2 10.9717211723
-0.0421848754883 0.0706782045364 0.0 0.2 10.9999680519
-0.0405339050293 0.0684138860703 0.0 0.2 11.0289421082
-0.0385962219238 0.0667331457138 0.0 0.2 11.0571839809
-0.0376481628418 0.0664905176163 0.0 0.2 11.0855221748
-0.0355085449219 0.0642859191895 0.0 0.2 11.1146509647
-0.0336931762695 0.0608346576691 0.0 0.2 11.1441581249
-0.0326776123047 0.0610682210922 0.0 0.2 11.171569109
-0.0300640869141 0.0574981803894 0.0 0.2 11.2001621723
-0.0281833496094 0.0535606966019 0.0 0.2 11.2296290398
-0.0267579040527 0.0546766204834 0.0 0.2 11.2575480938
-0.0247019348145 0.0522748699188 0.0 0.2 11.2861871719
-0.022878692627 0.0482443799973 0.0 0.2 11.3144440651
-0.021705871582 0.0484165534973 0.0 0.2 11.3430099487
-0.0200972595215 0.0474383983612 0.0 0.2 11.3718590736
-0.0182354431152 0.0418314561844 0.0 0.2 11.4002120495
-0.0167590942383 0.0429190883636 0.0 0.2 11.4288260937
-0.014761138916 0.0389703083038 0.0 0.2 11.4571111202
-0.0133038635254 0.0349431171417 0.0 0.2 11.486011982
-0.0121450500488 0.0351030101776 0.0 0.2 11.5143539906
-0.0103805847168 0.0325334815979 0.0 0.2 11.5430290699
-0.00930108642578 0.0284593696594 0.0 0.2 11.5716969967
-0.00828579711914 0.0288475551605 0.0 0.2 11.6004891396
-0.006896484375 0.0261161842346 0.0 0.2 11.6286859512
-0.00569906616211 0.0206007585526 0.0 0.2 11.657310009
-0.00492669677734 0.0208617353439 0.0 0.2 11.6858179569
-0.00405044555664 0.0180050115585 0.0 0.2 11.7144291401
-0.00331921386719 0.0182211236954 0.0 0.2 11.7430009842
-0.00238143920898 0.0157962141037 0.0 0.2 11.7708909512
-0.00172320556641 0.0133401098251 0.0 0.2 11.7996909618
-0.000653839111328 0.00958497238159 0.0 0.2 11.8284449577
0.000212524414062 0.00725606822968 0.0 0.2 11.8573319912
0.000707489013672 0.00612125587463 0.0 0.2 11.886275053
0.00162890625 0.0040613155365 0.0 0.2 11.9147520065
0.00228179931641 0.00426348972321 0.0 0.2 11.9432401657
0.00324801635742 0.00130751132965 0.0 0.2 11.9717571735
0.00411245727539 -0.00065623664856 0.0 0.2 12.0001280308
0.00487789916992 -0.000472899436951 0.0 0.2 12.0289270878
0.00525271606445 -0.00351261138916 0.0 0.2 12.0574769974
0.00646203613281 -0.00650790691376 0.0 0.2 12.08583498
0.00744635009766 -0.00614679718018 0.0 0.2 12.1147639751
0.00810119628906 -0.00915552520752 0.0 0.2 12.143157959
0.00922839355469 -0.0100166959763 0.0 0.2 12.1717600822
0.00997732543945 -0.00957906913757 0.0 0.2 12.2002370358
0.0110463562012 -0.0133496799469 0.0 0.2 12.2288689613
0.0120551147461 -0.0129131851196 0.0 0.2 12.2568881512
0.0129036560059 -0.0154788928032 0.0 0.2 12.2865400314
0.0144671020508 -0.0170150928497 0.0 0.2 12.3148550987
0.0153223266602 -0.0170958909988 0.0 0.2 12.343599081
0.0164399108887 -0.0192322638035 0.0 0.2 12.3719789982
0.0176357727051 -0.0211113419533 0.0 0.2 12.4006390572
0.0188131713867 -0.0205246767998 0.0 0.2 12.429058075
0.0202435302734 -0.021579665184 0.0 0.2 12.4571061134
0.0213046264648 -0.0240124931335 0.0 0.2 12.4861741066
0.0229366455078 -0.0226029577255 0.0 0.2 12.5149829388
0.0239957580566 -0.0233532381058 0.0 0.2 12.5433051586
0.0246983032227 -0.0237628555298 0.0 0.2 12.5716331005
0.0263096923828 -0.0253568582535 0.0 0.2 12.6001820564
0.0270028991699 -0.0256709270477 0.0 0.2 12.6289291382
0.0287184143066 -0.026539598465 0.0 0.2 12.6575939655
0.0304153442383 -0.0273147220612 0.0 0.2 12.68582201
0.0310618896484 -0.0275719957352 0.0 0.2 12.7144670486
0.0322451782227 -0.0279649267197 0.0 0.2 12.7431590557
0.0330649414063 -0.0298080892563 0.0 0.2 12.7717170715
0.0343622131348 -0.027788315773 0.0 0.2 12.8003029823
0.0353237915039 -0.0280150489807 0.0 0.2 12.828895092
0.0358004760742 -0.0294892787933 0.0 0.2 12.8573760986
0.0367036437988 -0.0288656711578 0.0 0.2 12.8859579563
0.0376757202148 -0.0290063705444 0.0 0.2 12.9144201279
0.0383453674316 -0.0299689359665 0.0 0.2 12.9428579807
0.038974395752 -0.028183590889 0.0 0.2 12.9720489979
0.0392897949219 -0.0281058521271 0.0 0.2 13.0001680851
0.0398042907715 -0.0290006875992 0.0 0.2 13.0287780762
0.0402608947754 -0.0290280866623 0.0 0.2 13.0573771
0.0404492492676 -0.0297287406921 0.0 0.2 13.086466074
0.0407280273438 -0.0298460617065 0.0 0.2 13.1133749485
0.0412395019531 -0.0271416034698 0.0 0.2 13.1431059837
0.0412661743164 -0.0287738304138 0.0 0.2 13.1714670658
0.0415509033203 -0.028665391922 0.0 0.2 13.2002489567
0.0418330078125 -0.0269280633926 0.0 0.2 13.2285411358
0.0414480895996 -0.0293117313385 0.0 0.2 13.2564921379
0.0413893127441 -0.0290858592987 0.0 0.2 13.2850129604
0.041618560791 -0.0273784418106 0.0 0.2 13.3143949509
0.0413275756836 -0.0287863721848 0.0 0.2 13.343047142
0.0412900085449 -0.0287686882019 0.0 0.2 13.3715281487
0.0415408630371 -0.0263767127991 0.0 0.2 13.4004051685
0.0409622802734 -0.028733704567 0.0 0.2 13.4289791584
0.0408428344727 -0.0285899372101 0.0 0.2 13.4575309753
0.041057434082 -0.0270699920654 0.0 0.2 13.4861180782
0.0406273803711 -0.0285417003632 0.0 0.2 13.5147650242
0.040410949707 -0.028483921051 0.0 0.2 13.5433700085
0.0406056518555 -0.0269794940948 0.0 0.2 13.5717010498
0.040223815918 -0.0285367517471 0.0 0.2 13.600110054
0.0399943847656 -0.0284026432037 0.0 0.2 13.6289551258
0.0401184387207 -0.0269728965759 0.0 0.2 13.6578850746
0.0398320922852 -0.0285768737793 0.0 0.2 13.6860690117
0.039914642334 -0.0272939395905 0.0 0.2 13.7145249844
0.0398079833984 -0.0273429765701 0.0 0.2 13.7433719635
0.0395594482422 -0.028837729454 0.0 0.2 13.7709550858
0.0397594299316 -0.0275196228027 0.0 0.2 13.7995820045
0.0396037902832 -0.0274071187973 0.0 0.2 13.8292579651
0.039229888916 -0.0288102626801 0.0 0.2 13.8575050831
0.0394521789551 -0.027604341507 0.0 0.2 13.8860650063
0.0394589233398 -0.0277401256561 0.0 0.2 13.9144899845
0.0391731872559 -0.0290654935837 0.0 0.2 13.9429221153
0.0393219299316 -0.0285099782944 0.0 0.2 13.9716479778
0.0392978820801 -0.0284872484207 0.0 0.2 14.0003609657
0.0390793151855 -0.029147274971 0.0 0.2 14.0288701057
0.0393145141602 -0.0280081596375 0.0 0.2 14.0572149754
0.0393207092285 -0.0282354698181 0.0 0.2 14.0860660076
0.0389839477539 -0.0295010042191 0.0 0.2 14.1147871017
0.0393264160156 -0.0282848453522 0.0 0.2 14.1430680752
0.0390383911133 -0.0290101957321 0.0 0.2 14.1714451313
0.0387290649414 -0.0301880226135 0.0 0.2 14.2002370358
0.0390128479004 -0.0289389514923 0.0 0.2 14.2289221287
0.0390450439453 -0.0285275497437 0.0 0.2 14.2576191425
0.0389577636719 -0.0285864024162 0.0 0.2 14.2861750126
0.0388446655273 -0.028576924324 0.0 0.2 14.3146419525
0.0385384521484 -0.0291723299026 0.0 0.2 14.3433380127
0.0384052734375 -0.0291392858028 0.0 0.2 14.3718981743
0.0381426391602 -0.0292234168053 0.0 0.2 14.400233984
0.0381193237305 -0.0291983885765 0.0 0.2 14.4287531376
0.0380802612305 -0.0285265216827 0.0 0.2 14.457777977
0.0379176635742 -0.0285141105652 0.0 0.2 14.4860980511
0.0373700561523 -0.0291835260391 0.0 0.2 14.5147840977
0.0371442260742 -0.0293440217972 0.0 0.2 14.5430960655
0.037032409668 -0.029161026001 0.0 0.2 14.5718519688
0.0367630004883 -0.0289104204178 0.0 0.2 14.6001200676
0.036912109375 -0.0276963310242 0.0 0.2 14.6287529469
0.0363182983398 -0.0289840545654 0.0 0.2 14.6574730873
0.0360291748047 -0.0296095943451 0.0 0.2 14.6861541271
0.0362755737305 -0.0276563062668 0.0 0.2 14.7145309448
0.0357087402344 -0.0291000022888 0.0 0.2 14.7431709766
0.0359627685547 -0.0277842988968 0.0 0.2 14.7709691525
0.0352055053711 -0.0297097187042 0.0 0.2 14.8004670143
0.0350354003906 -0.0297513647079 0.0 0.2 14.8288550377
0.035287109375 -0.0283066101074 0.0 0.2 14.8577239513
0.0349544677734 -0.029994591713 0.0 0.2 14.8864631653
0.0348139038086 -0.0300854301453 0.0 0.2 14.9146089554
0.0350518188477 -0.028838145256 0.0 0.2 14.9429459572
0.0347224121094 -0.0303672056198 0.0 0.2 14.971709013
0.03469140625 -0.0308042888641 0.0 0.2 15.0002100468
0.0350228881836 -0.029512468338 0.0 0.2 15.0291690826
0.0348115234375 -0.0313830518723 0.0 0.2 15.0571320057
0.0351791381836 -0.0297395858765 0.0 0.2 15.0864641666
0.0352300415039 -0.030197842598 0.0 0.2 15.1145591736
0.0350573120117 -0.0328215360641 0.0 0.2 15.1430580616
0.0355955200195 -0.0307248649597 0.0 0.2 15.1717021465
0.0354024658203 -0.0325516252518 0.0 0.2 15.2002820969
0.0355726318359 -0.0302350473404 0.0 0.2 15.2289791107
0.0359263916016 -0.0234166164398 0.0 0.2 15.2575790882
0.0357473144531 -0.0196790876389 0.0 0.2 15.2863590717
0.0358266601563 -0.0144361858368 0.0 0.2 15.3139150143
0.0362647094727 -0.00725270557404 0.0 0.2 15.3432240486
0.0361965332031 -0.00280307674408 0.0 0.2 15.3717329502
0.0363364868164 0.00159223175049 0.0 0.2 15.4004759789
0.0362987060547 0.00688396930695 0.0 0.2 15.4289669991
0.0361724243164 0.0122147378922 0.0 0.2 15.4575440884
0.0359501342773 0.0169948043823 0.0 0.2 15.4864060879
0.0358231201172 0.02201329422 0.0 0.2 15.5147111416
0.0354901123047 0.0261915025711 0.0 0.2 15.5428509712
0.0348314819336 0.0301698217392 0.0 0.2 15.5717279911
0.0344169311523 0.0349076805115 0.0 0.2 15.6004340649
0.0334108276367 0.038420539856 0.0 0.2 15.6288399696
0.0326484375 0.0415014705658 0.0 0.2 15.6573910713
0.0316773071289 0.0456656866074 0.0 0.2 15.6860620975
0.0301271972656 0.047252412796 0.0 0.2 15.7148001194
0.0290794067383 0.0496762552261 0.0 0.2 15.743158102
0.0274905395508 0.0527426929474 0.0 0.2 15.7716450691
0.0262725219727 0.0549857902527 0.0 0.2 15.8003079891
0.023705078125 0.0553475637436 0.0 0.2 15.8288400173
0.022000793457 0.0578266410828 0.0 0.2 15.8574409485
0.0195935058594 0.0579372606277 0.0 0.2 15.8861300945
0.0168233642578 0.057583946228 0.0 0.2 15.9143340588
0.0155938110352 0.0602309627533 0.0 0.2 15.9432010651
0.0126207885742 0.0593542671204 0.0 0.2 15.9715211391
0.00934991455078 0.0582727184296 0.0 0.2 16.0004360676
0.00768774414063 0.0597259559631 0.0 0.2 16.0287129879
0.00458557128906 0.058144651413 0.0 0.2 16.0576770306
0.000403869628906 0.0554309587479 0.0 0.2 16.0862600803
-0.00123388671875 0.0573025341034 0.0 0.2 16.1145470142
-0.00457037353516 0.0551945819855 0.0 0.2 16.1430439949
-0.00792535400391 0.0530617103577 0.0 0.2 16.1717669964
-0.009734375 0.0546176652908 0.0 0.2 16.1996231079
-0.0131983032227 0.0523908805847 0.0 0.2 16.2289140224
-0.0167396850586 0.04944444561 0.0 0.2 16.2575919628
-0.0191060791016 0.0498287410736 0.0 0.2 16.2861700058
-0.0225419921875 0.0472051372528 0.0 0.2 16.3142740726
-0.025451171875 0.0463321199417 0.0 0.2 16.342208147
-0.0273799438477 0.0468764276505 0.0 0.2 16.371391058
-0.0304415283203 0.0452733812332 0.0 0.2 16.4006249905
-0.0336218261719 0.0431252985001 0.0 0.2 16.4289050102
-0.0356176147461 0.0429303617477 0.0 0.2 16.4576570988
-0.0388441162109 0.0410067682266 0.0 0.2 16.4861280918
-0.0405238647461 0.0416067895889 0.0 0.2 16.515100956
-0.0432439575195 0.0396639175415 0.0 0.2 16.5434260368
-0.0444845581055 0.0416029787064 0.0 0.2 16.5718071461
-0.0475144042969 0.0383237533569 0.0 0.2 16.6003401279
-0.0497824401855 0.0366859903336 0.0 0.2 16.6290559769
-0.0508857727051 0.0388389406204 0.0 0.2 16.6578509808
-0.053130859375 0.0371855564117 0.0 0.2 16.6862680912
-0.0552213745117 0.0351724405289 0.0 0.2 16.7147910595
-0.0561570129395 0.0373662405014 0.0 0.2 16.7434840202
-0.0583382873535 0.0348394832611 0.0 0.2 16.7708740234
-0.0597814025879 0.034951795578 0.0 0.2 16.7995140553
-0.0608494873047 0.0357434806824 0.0 0.2 16.8279731274
-0.0622403869629 0.0347263660431 0.0 0.2 16.8577749729
-0.0633886413574 0.0351272697449 0.0 0.2 16.8860731125
-0.0645167236328 0.0358557634354 0.0 0.2 16.91446805
-0.0660221252441 0.0342396678925 0.0 0.2 16.9432749748
-0.0670512695312 0.0344397516251 0.0 0.2 16.9710080624
-0.0679415588379 0.0355772314072 0.0 0.2 17.0004010201
-0.0692419433594 0.0339019060135 0.0 0.2 17.029004097
-0.0700290527344 0.0345762634277 0.0 0.2 17.0573771
-0.0709214477539 0.0353789710999 0.0 0.2 17.0859520435
-0.072010345459 0.0348040885925 0.0 0.2 17.1149539948
-0.0727161254883 0.0371773576736 0.0 0.2 17.1432321072
-0.0738354492187 0.0358779325485 0.0 0.2 17.171610117
-0.0744630432129 0.0338966798782 0.0 -0.2 17.2012481689
-0.075274230957 0.0296240377426 0.0 -0.2 17.2281661034
-0.0761604919434 0.0225545282364 0.0 -0.2 17.2571871281
-0.0766514892578 0.0179984064102 0.0 -0.2 17.2860460281
-0.0772894897461 0.013446937561 0.0 -0.2 17.3149399757
-0.0780888977051 0.00729570007324 0.0 -0.2 17.3430731297
-0.0786951904297 0.00208244037628 0.0 -0.2 17.3717410564
-0.079417175293 -0.00197999382019 0.0 -0.2 17.3999300003
-0.0796089782715 -0.00637794494629 0.0 -0.2 17.4292571545
-0.0799693908691 -0.0121879138947 0.0 -0.2 17.4581799507
-0.080279510498 -0.01573341465 0.0 -0.2 17.4864630699
-0.0803258056641 -0.0203082370758 0.0 -0.2 17.5150461197
-0.0803104553223 -0.0248113479614 0.0 -0.2 17.5432050228
-0.0801153564453 -0.0275427846909 0.0 -0.2 17.5717720985
-0.0798124389648 -0.0309813718796 0.0 -0.2 17.6002061367
-0.079095489502 -0.0346890106201 0.0 -0.2 17.6286461353
-0.0786572265625 -0.036353887558 0.0 -0.2 17.6572320461
-0.0775640258789 -0.039012796402 0.0 -0.2 17.6861290932
-0.0762640991211 -0.0411031303406 0.0 -0.2 17.7145431042
-0.0754744873047 -0.0419608764648 0.0 -0.2 17.7429850101
-0.0735606079102 -0.0441905059814 0.0 -0.2 17.7719340324
-0.0723649291992 -0.0459716358185 0.0 -0.2 17.7993490696
-0.0701049499512 -0.0448056049347 0.0 -0.2 17.8289921284
-0.0680125732422 -0.0454723787308 0.0 -0.2 17.8567759991
-0.0655060424805 -0.0451589288712 0.0 -0.2 17.8862910271
-0.0628971862793 -0.0429192495346 0.0 -0.2 17.9142320156
-0.0611960754395 -0.043841509819 0.0 -0.2 17.9431891441
-0.0580529174805 -0.0422879123688 0.0 -0.2 17.9716229439
-0.0549690551758 -0.0393599324226 0.0 -0.2 18.0003199577
-0.0526198120117 -0.0402973069549 0.0 -0.2 18.0287389755
-0.0496517333984 -0.03667033571 0.0 -0.2 18.0574829578
-0.0450869140625 -0.0331740107536 0.0 -0.2 18.0859780312
-0.0427330627441 -0.0333837814331 0.0 -0.2 18.1146719456
-0.0395810852051 -0.0291828103065 0.0 -0.2 18.1431851387
-0.0357930603027 -0.0264627246857 0.0 -0.2 18.1716780663
-0.0332304992676 -0.0262583007813 0.0 -0.2 18.2002520561
-0.0298312072754 -0.0220611038208 0.0 -0.2 18.228924036
-0.0257143859863 -0.0197095212936 0.0 -0.2 18.2576110363
-0.0224510192871 -0.0182207899094 0.0 -0.2 18.2849669456
-0.0190517883301 -0.0140340652466 0.0 -0.2 18.3147470951
-0.01538671875 -0.0111419095993 0.0 -0.2 18.3422839642
-0.0128438720703 -0.011351931572 0.0 -0.2 18.3708760738
-0.00958709716797 -0.00721571826935 0.0 -0.2 18.3999891281
-0.00573724365234 -0.0052984085083 0.0 -0.2 18.4280669689
-0.00391424560547 -0.00412091636658 0.0 -0.2 18.4577219486
6.41479492188e-05 -0.000591060638428 0.0 -0.2 18.4862670898
0.00198931884766 -7.95097351075e-05 0.0 -0.2 18.5146529675
0.00525012207031 0.00207872390747 0.0 -0.2 18.543213129
0.00748559570313 0.00129139709473 0.0 -0.2 18.5717029572
0.0103764648438 0.00607717704773 0.0 -0.2 18.5990900993
0.0131310119629 0.00775861930847 0.0 -0.2 18.6280219555
0.0149820251465 0.00701045227051 0.0 -0.2 18.6561779976
0.0169454345703 0.00972501754761 0.0 -0.2 18.685970068
0.0195527954102 0.0109596529007 0.0 -0.2 18.7142109871
0.0213948059082 0.00930350399017 0.0 -0.2 18.7428300381
0.023417388916 0.0130970869064 0.0 -0.2 18.7706341743
0.0255692443848 0.0137588834763 0.0 -0.2 18.7992501259
0.0269737548828 0.01278885746 0.0 -0.2 18.8282570839
0.0282887268066 0.0150311899185 0.0 -0.2 18.8578131199
0.0299674377441 0.0157761526108 0.0 -0.2 18.8860800266
0.0315349121094 0.0137126274109 0.0 -0.2 18.9143240452
0.0326604309082 0.0157890272141 0.0 -0.2 18.9430930614
0.0342490844727 0.0163499822617 0.0 -0.2 18.9715590477
0.0353368835449 0.015061337471 0.0 -0.2 19.0002579689
0.0364296264648 0.0177878274918 0.0 -0.2 19.0290241241
0.0375300292969 0.0183102865219 0.0 -0.2 19.0576000214
0.0385326538086 0.0168450679779 0.0 -0.2 19.086097002
0.0395207824707 0.0186786422729 0.0 -0.2 19.1144940853
0.0402479248047 0.0172462024689 0.0 -0.2 19.1437690258
0.0412649536133 0.0176506767273 0.0 -0.2 19.1716339588
0.0419398498535 0.0192802181244 0.0 -0.2 19.2001831532
0.0427529296875 0.0172344198227 0.0 -0.2 19.2286839485
0.0432805480957 0.0198617534637 0.0 -0.2 19.2564060688
0.0439036865234 0.0200818080902 0.0 -0.2 19.2851719856
0.0444380493164 0.018635881424 0.0 -0.2 19.314563036
0.0448094177246 0.0204428796768 0.0 -0.2 19.3431720734
0.0453702392578 0.0205698804855 0.0 -0.2 19.3718571663
0.0459149169922 0.019038854599 0.0 -0.2 19.4001920223
0.0460672302246 0.0207658576965 0.0 -0.2 19.4285030365
0.0463817443848 0.0207358837128 0.0 -0.2 19.4572870731
0.0468050842285 0.0184070854187 0.0 -0.2 19.4861340523
0.046830871582 0.0207907381058 0.0 -0.2 19.5145051479
0.0470718688965 0.0208082847595 0.0 -0.2 19.5429961681
0.047236328125 0.0193923330307 0.0 -0.2 19.5714149475
0.0473721313477 0.0206639385223 0.0 -0.2 19.600342989
0.047025177002 0.0209914903641 0.0 -0.2 19.6276791096
0.0472521362305 0.0184451980591 0.0 -0.2 19.6573820114
0.046947265625 0.0198496828079 0.0 -0.2 19.6860229969
0.0467950439453 0.0196039705276 0.0 -0.2 19.7145130634
0.0468077392578 0.0194656095505 0.0 -0.2 19.7431211472
0.0460663452148 0.0200990657806 0.0 -0.2 19.7720830441
0.0457501220703 0.019164273262 0.0 -0.2 19.8005120754
0.0455210876465 0.019039850235 0.0 -0.2 19.828783989
0.0449938354492 0.0187835788727 0.0 -0.2 19.8573410511
0.0444373168945 0.0184732904434 0.0 -0.2 19.8859260082
0.0440748596191 0.0184278717041 0.0 -0.2 19.9142861366
0.0433147888184 0.0179869966507 0.0 -0.2 19.9431800842
0.0426361694336 0.018303188324 0.0 -0.2 19.9716999531
0.0420599365234 0.0168835253716 0.0 -0.2 20.0001759529
0.0412931518555 0.0169291867614 0.0 -0.2 20.028783083
0.0407066650391 0.0167998399138 0.0 -0.2 20.0575339794
0.0399202880859 0.0165004916191 0.0 -0.2 20.0852501392
0.0390865783691 0.015992269516 0.0 -0.2 20.1148099899
0.0383789978027 0.0152268986702 0.0 -0.2 20.1428029537
0.0374483337402 0.0147365579605 0.0 -0.2 20.1719231606
0.0364443054199 0.0143011417389 0.0 -0.2 20.2000451088
0.0362676696777 0.0139034147263 0.0 -0.2 20.2288069725
0.0347095031738 0.0144994096756 0.0 -0.2 20.2574460506
0.0338241271973 0.0139693994522 0.0 -0.2 20.2865841389
0.033207244873 0.014035036087 0.0 -0.2 20.3146290779
0.0324079589844 0.0137074489594 0.0 -0.2 20.3430261612
0.0312184448242 0.0151048469543 0.0 -0.2 20.371835947
0.0311130981445 0.0125600614548 0.0 -0.2 20.4004600048
0.0298460693359 0.013045009613 0.0 -0.2 20.428910017
0.0292424316406 0.0129501543045 0.0 -0.2 20.4574079514
0.0283464355469 0.0143996801376 0.0 -0.2 20.4860961437
0.0278343505859 0.0127796163559 0.0 -0.2 20.5149309635
0.0270710449219 0.0119942388535 0.0 -0.2 20.5433130264
0.0259219970703 0.0135716314316 0.0 -0.2 20.5718851089
0.0257940673828 0.011989487648 0.0 -0.2 20.6004240513
0.0250540771484 0.0120304613113 0.0 -0.2 20.6290850639
0.0241685180664 0.0136244497299 0.0 -0.2 20.6574380398
0.0234407958984 0.0124298372269 0.0 -0.2 20.6860940456
0.0231011962891 0.0121251182556 0.0 -0.2 20.7146010399
0.0222377319336 0.0134899673462 0.0 -0.2 20.743252039
0.0220942382813 0.0119332313538 0.0 -0.2 20.7707531452
0.0213737182617 0.0119075813293 0.0 -0.2 20.8004920483
0.0206111450195 0.013316368103 0.0 -0.2 20.8286671638
0.0204906616211 0.0115235424042 0.0 -0.2 20.8578071594
0.0199064941406 0.0113261814117 0.0 -0.2 20.8865921497
0.0190998535156 0.0135451450348 0.0 -0.2 20.9146380424
0.0190423583984 0.0116264781952 0.0 -0.2 20.9431259632
0.0184705200195 0.0113437099457 0.0 -0.2 20.9718930721
0.0178814086914 0.0118237819672 0.0 -0.2 21.0000879765
0.0177089233398 0.00986558151245 0.0 -0.2 21.0291249752
0.0172251586914 0.0111321964264 0.0 -0.2 21.0578010082
0.0168045654297 0.010777007103 0.0 -0.2 21.0861260891
0.01673828125 0.00881259250641 0.0 -0.2 21.1145069599
0.0164843139648 0.010006565094 0.0 -0.2 21.1433279514
0.0162453613281 0.00954641628265 0.0 -0.2 21.1716411114
0.0163875732422 0.00762585544586 0.0 -0.2 21.2004511356
0.0159970703125 0.00955565547943 0.0 -0.2 21.228728056
0.0165297851562 0.00666947460175 0.0 -0.2 21.2574710846
0.0166704101563 0.00598978042603 0.0 -0.2 21.286039114
0.0165042724609 0.00710683917999 0.0 -0.2 21.3149750233
0.016967956543 0.0053160943985 0.0 -0.2 21.3431770802
0.0172169799805 0.00494913959503 0.0 -0.2 21.3716700077
0.0171170654297 0.00625983428955 0.0 -0.2 21.4001979828
0.0178969726563 0.00421068954468 0.0 -0.2 21.4281480312
0.0186354980469 0.00317982196808 0.0 -0.2 21.4574379921
0.018663269043 0.00544445514679 0.0 -0.2 21.4861459732
0.0196957397461 0.00287672805786 0.0 -0.2 21.5145070553
0.0198802490234 0.0041329202652 0.0 -0.2 21.5432870388
0.0207064819336 0.00401894283295 0.0 -0.2 21.571491003
0.0213875732422 0.00258777427673 0.0 -0.2 21.6000580788
0.0220172729492 0.00375825786591 0.0 -0.2 21.6287651062
0.0227302856445 0.00455187511444 0.0 -0.2 21.6573729515
0.0231944580078 0.00461480331421 0.0 -0.2 21.6861200333
0.0241065063477 0.00485404014587 0.0 -0.2 21.7144401073
0.0249756469727 0.00366488075256 0.0 -0.2 21.7430779934
0.0259122924805 0.00438698673248 0.0 -0.2 21.7718400955
0.0267490234375 0.00542553043365 0.0 -0.2 21.8001790047
0.0277412109375 0.00438713359833 0.0 -0.2 21.8287470341
0.0281164550781 0.00611084270477 0.0 -0.2 21.8575410843
0.0289459228516 0.00656974887848 0.0 -0.2 21.8862740993
0.0297503051758 0.00548131752014 0.0 -0.2 21.9145140648
0.0302003173828 0.00722796344757 0.0 -0.2 21.9432051182
0.0310596923828 0.00656664943695 0.0 -0.2 21.9718871117
0.0318031005859 0.00686798191071 0.0 -0.2 22.0003731251
0.0317602539063 0.00892532062531 0.0 -0.2 22.0290350914
0.0326005249023 0.00787813282013 0.0 -0.2 22.0576610565
0.0329468994141 0.00862481117249 0.0 -0.2 22.0860991478
0.0329592285156 0.0105030136108 0.0 -0.2 22.1144969463
0.033537902832 0.0101226921082 0.0 -0.2 22.1430721283
0.0337808837891 0.0107508087158 0.0 -0.2 22.171503067
0.0338768310547 0.0126250772476 0.0 -0.2 22.200138092
0.0338206787109 0.0110686903 0.0 -0.2 22.2290911674
0.0341015014648 0.0127804613113 0.0 -0.2 22.2563500404
0.0338608398437 0.0133621635437 0.0 -0.2 22.2851581573
0.0338625488281 0.0122029676437 0.0 -0.2 22.3145580292
0.0336771850586 0.0139892416 0.0 -0.2 22.3431999683
0.0335349731445 0.0127357606888 0.0 -0.2 22.3716630936
0.0328908691406 0.0131771764755 0.0 -0.2 22.4002511501
0.0325478515625 0.0149632081985 0.0 -0.2 22.4281771183
0.0323469238281 0.0137208528519 0.0 -0.2 22.4571671486
0.0320457763672 0.0130610780716 0.0 -0.2 22.4856901169
0.0315482788086 0.0147159996033 0.0 -0.2 22.5144250393
0.030974609375 0.0158312644958 0.0 -0.2 22.54302001
0.0305487060547 0.0145713148117 0.0 -0.2 22.5714631081
0.0301119384766 0.0162116861343 0.0 -0.2 22.6000831127
0.0294289550781 0.0164354314804 0.0 -0.2 22.6288609505
0.0288747558594 0.0143568763733 0.0 -0.2 22.6575660706
0.0287122802734 0.0143246469498 0.0 -0.2 22.6863369942
0.0277052001953 0.0173548431396 0.0 -0.2 22.7146780491
0.0268765258789 0.0160979728699 0.0 -0.2 22.743085146
0.0263306274414 0.0178887701035 0.0 -0.2 22.7721250057
0.0257166137695 0.0191734170914 0.0 -0.2 22.8004250526
0.0252555541992 0.0181586074829 0.0 -0.2 22.8288550377
0.0246112060547 0.018791595459 0.0 -0.2 22.8574120998
0.0241071166992 0.0208161296844 0.0 -0.2 22.8859729767
0.023325378418 0.0199532842636 0.0 -0.2 22.9145400524
0.0226045532227 0.0202377538681 0.0 -0.2 22.942731142
0.0220938720703 0.0224186239243 0.0 -0.2 22.9707009792
0.0214788208008 0.0223390932083 0.0 -0.2 23.0003249645
0.0207626342773 0.0233375892639 0.0 -0.2 23.0285789967
0.0204291992187 0.0237893505096 0.0 -0.2 23.0573630333
0.0198085327148 0.0249101438522 0.0 -0.2 23.0861239433
0.0189906616211 0.0260138044357 0.0 -0.2 23.1142990589
0.0186138305664 0.0263630647659 0.0 -0.2 23.1430840492
0.0178753662109 0.0268924036026 0.0 -0.2 23.1718239784
0.0171638793945 0.0292720451355 0.0 -0.2 23.2002301216
0.0165157470703 0.0285973272324 0.0 -0.2 23.2289969921
0.0155349121094 0.0312489051819 0.0 -0.2 23.2566440105
0.0147563476563 0.0323140668869 0.0 -0.2 23.2850899696
0.0142305908203 0.0316573152542 0.0 -0.2 23.3148131371
0.0133493041992 0.033495390892 0.0 -0.2 23.3430380821
0.0125142822266 0.0346543369293 0.0 -0.2 23.3709621429
0.0119058227539 0.0340713863373 0.0 -0.2 23.3994281292
0.0108389892578 0.0363044509888 0.0 -0.2 23.4291379452
0.0095849609375 0.0382627811432 0.0 -0.2 23.4572241306
0.00900048828125 0.0376385746002 0.0 -0.2 23.486344099
0.00777307128906 0.0406631965637 0.0 -0.2 23.5145339966
0.00710229492187 0.0398339366913 0.0 -0.2 23.54332304
0.00598431396484 0.0419580879211 0.0 -0.2 23.5713729858
0.00489007568359 0.0423856906891 0.0 -0.2 23.6002719402
0.00431304931641 0.0429770383835 0.0 -0.2 23.628690958
0.00306060791016 0.0440074424744 0.0 -0.2 23.6571121216
0.00255895996094 0.0426997051239 0.0 -0.2 23.6854040623
0.00137359619141 0.0445189733505 0.0 -0.2 23.714370966
0.00022705078125 0.0452721939087 0.0 -0.2 23.7425091267
-0.000662475585938 0.0453568134308 0.0 -0.2 23.7706840038
-0.00175823974609 0.0470311183929 0.0 -0.2 23.800330162
-0.00289215087891 0.0470732975006 0.0 -0.2 23.8288800716
-0.00350360107422 0.0463343324661 0.0 -0.2 23.8572311401
-0.00452087402344 0.0478498249054 0.0 -0.2 23.8859710693
-0.00546325683594 0.0484739465714 0.0 -0.2 23.914618969
-0.00595806884766 0.0477714509964 0.0 -0.2 23.9430000782
-0.00690875244141 0.0497985601425 0.0 -0.2 23.971353054
-0.00767303466797 0.0502517242432 0.0 -0.2 23.9995830059
-0.00803942871094 0.0503963098526 0.0 -0.2 24.0284130573
-0.00883459472656 0.050582903862 0.0 -0.2 24.0571861267
-0.00956512451172 0.0503418064117 0.0 -0.2 24.085613966
-0.00983514404297 0.0505660247803 0.0 -0.2 24.1144990921
-0.0102815551758 0.0510048551559 0.0 -0.2 24.14311409
-0.010645690918 0.0514070777893 0.0 -0.2 24.1718771458
-0.0108956298828 0.0504920101166 0.0 -0.2 24.2002680302
-0.0113341064453 0.0526335821152 0.0 -0.2 24.2283570766
-0.0115653686523 0.0514663038254 0.0 -0.2 24.2574930191
-0.0117341308594 0.0528651762009 0.0 -0.2 24.2864291668
-0.0118828125 0.0532027664185 0.0 -0.2 24.3147630692
-0.0120263061523 0.0516315813065 0.0 -0.2 24.342993021
-0.0119221801758 0.0531596660614 0.0 -0.2 24.371655941
-0.0119123535156 0.0543474121094 0.0 -0.2 24.400411129
-0.0119041137695 0.0532672691345 0.0 -0.2 24.4290311337
-0.011807800293 0.0548391132355 0.0 -0.2 24.4571039677
-0.0116480102539 0.0546129245758 0.0 -0.2 24.4859740734
-0.0115972900391 0.0542378377914 0.0 -0.2 24.5148551464
-0.0114799804687 0.055003947258 0.0 -0.2 24.5431129932
-0.0111334838867 0.0552454004288 0.0 -0.2 24.5716199875
-0.010875 0.054196647644 0.0 -0.2 24.6003611088
-0.010547668457 0.0556506443024 0.0 -0.2 24.6290750504
-0.0101265258789 0.0567865381241 0.0 -0.2 24.6572520733
-0.00954431152344 0.0569610738754 0.0 -0.2 24.6861670017
-0.00917889404297 0.0561875638962 0.0 -0.2 24.7141001225
-0.00838549804688 0.0571726074219 0.0 -0.2 24.7433810234
-0.00804437255859 0.0573916988373 0.0 -0.2 24.7716109753
-0.00736450195312 0.0559986190796 0.0 -0.2 24.8001360893
-0.00652105712891 0.0561014356613 0.0 -0.2 24.8288171291
-0.00591375732422 0.0574166135788 0.0 -0.2 24.8575949669
-0.00519616699219 0.0562449598312 0.0 -0.2 24.8861050606
-0.0043017578125 0.0561449661255 0.0 -0.2 24.9146280289
-0.00363909912109 0.0573033218384 0.0 -0.2 24.9432139397
-0.00282739257813 0.0559214267731 0.0 -0.2 24.9721240997
-0.00192785644531 0.0567200298309 0.0 -0.2 25.0003740788
-0.0008984375 0.0568472986221 0.0 -0.2 25.0288209915
-0.000405517578125 0.0567437582016 0.0 -0.2 25.057623148
0.000545715332031 0.05631990242 0.0 -0.2 25.0862770081
0.00161242675781 0.0563450832367 0.0 -0.2 25.1136510372
0.00209954833984 0.0563261127472 0.0 -0.2 25.1429049969
0.00305023193359 0.0568041133881 0.0 -0.2 25.1716151237
0.00396325683594 0.0553338108063 0.0 -0.2 25.2004780769
0.00468182373047 0.0565349493027 0.0 -0.2 25.2286679745
0.00559094238281 0.0557740259171 0.0 -0.2 25.2564270496
0.00652868652344 0.0544551715851 0.0 -0.2 25.2852580547
0.00711029052734 0.0552888050079 0.0 -0.2 25.3144180775
0.00809234619141 0.054234251976 0.0 -0.2 25.34314394
0.00885626220703 0.0538479528427 0.0 -0.2 25.3716089725
0.00933489990234 0.054747672081 0.0 -0.2 25.4001710415
0.0100661621094 0.0529059667587 0.0 -0.2 25.4288451672
0.0107877197266 0.0521647834778 0.0 -0.2 25.4569809437
0.0111849975586 0.0527568597794 0.0 -0.2 25.4861421585
0.0118674316406 0.0503908653259 0.0 -0.2 25.5136060715
0.012443359375 0.0497283821106 0.0 -0.2 25.5429430008
0.012657043457 0.0492986249924 0.0 -0.2 25.5717060566
0.0132364501953 0.0490229845047 0.0 -0.2 25.6003351212
0.0136781005859 0.046955291748 0.0 -0.2 25.6289510727
0.0139271240234 0.0473259315491 0.0 -0.2 25.6573770046
0.0141836547852 0.0470015058517 0.0 -0.2 25.6862449646
0.0145374145508 0.045241932869 0.0 -0.2 25.7144730091
0.0147643432617 0.0458829803467 0.0 -0.2 25.7431919575
0.0152299804688 0.0439188985825 0.0 -0.2 25.7721409798
0.0156267700195 0.0419323530197 0.0 -0.2 25.8003561497
0.0158274536133 0.0430690956116 0.0 -0.2 25.8289921284
0.0161702880859 0.0422685184479 0.0 -0.2 25.8573880196
0.016440612793 0.0403004522324 0.0 -0.2 25.8862111568
0.0167572021484 0.0409459819794 0.0 -0.2 25.9144749641
0.017216003418 0.040148938179 0.0 -0.2 25.9431011677
0.0174203491211 0.038973110199 0.0 -0.2 25.9714419842
0.0179583129883 0.0371459312439 0.0 -0.2 26.0003180504
0.0181653442383 0.0369259490967 0.0 -0.2 26.0290210247
0.0186563720703 0.0364948549271 0.0 -0.2 26.0574600697
0.0189371948242 0.037744134903 0.0 -0.2 26.0861520767
0.0194538574219 0.03573869133 0.0 -0.2 26.114823103
0.0199605712891 0.0344765338898 0.0 -0.2 26.1431839466
0.0201459960938 0.0352878284454 0.0 -0.2 26.1715409756
0.020591796875 0.0347021589279 0.0 -0.2 26.1998610497
0.0211365966797 0.0329398469925 0.0 -0.2 26.2290170193
0.0214243164062 0.0339407968521 0.0 -0.2 26.2576651573
0.0218822631836 0.0324201869965 0.0 -0.2 26.286231041
0.0221381835937 0.0334728908539 0.0 -0.2 26.3146719933
0.0224004516602 0.0356191091537 0.0 -0.2 26.3431100845
0.0232236328125 0.0283793430328 0.0 -0.2 26.3717169762
0.0237913208008 0.0286439447403 0.0 -0.2 26.400313139
0.0240974121094 0.0283152351379 0.0 -0.2 26.428948164
0.0242577514648 0.0280731563568 0.0 -0.2 26.4576981068
0.0245243530273 0.0276578063965 0.0 -0.2 26.4858880043
0.0249014892578 0.0273415470123 0.0 -0.2 26.5144729614
0.0250357055664 0.0280108633041 0.0 -0.2 26.5431511402
0.0251549072266 0.0278289222717 0.0 -0.2 26.5721380711
0.0252540283203 0.0274358472824 0.0 -0.2 26.6001811028
0.0252910766602 0.0273144111633 0.0 -0.2 26.6286611557
0.0253721923828 0.0265134849548 0.0 -0.2 26.6574821472
0.0252530517578 0.0277301912308 0.0 -0.2 26.6856641769
0.0252738647461 0.0264853649139 0.0 -0.2 26.7146410942
0.0251338500977 0.0269735832214 0.0 -0.2 26.7431051731
0.0251353759766 0.0249313373566 0.0 -0.2 26.7708830833
0.0247976074219 0.0269068412781 0.0 -0.2 26.8004021645
0.0244448242188 0.0269304609299 0.0 -0.2 26.8287661076
0.0242578735352 0.025488992691 0.0 -0.2 26.8575680256
0.0237922973633 0.0266955356598 0.0 -0.2 26.8858289719
0.023392578125 0.0266897888184 0.0 -0.2 26.9148421288
0.0231802978516 0.0269216175079 0.0 -0.2 26.943169117
0.0226926269531 0.0268943843842 0.0 -0.2 26.9716451168
0.0223895874023 0.0260289459229 0.0 -0.2 27.0002911091
0.021822265625 0.0272565584183 0.0 -0.2 27.0291671753
0.0216494140625 0.0259269676208 0.0 -0.2 27.0575070381
0.0210464477539 0.0260171356201 0.0 -0.2 27.0859501362
0.0203890991211 0.0272634220123 0.0 -0.2 27.1146271229
0.0201583251953 0.0258312835693 0.0 -0.2 27.1433839798
0.0197363891602 0.0251345176697 0.0 -0.2 27.1716680527
0.0190219726563 0.0264148244858 0.0 -0.2 27.200065136
0.0187426147461 0.0250753946304 0.0 -0.2 27.2286219597
0.0183176269531 0.0249620885849 0.0 -0.2 27.2575371265
0.0177113647461 0.0273965625763 0.0 -0.2 27.28612113
0.0176270751953 0.0262435255051 0.0 -0.2 27.314440012
0.0171294555664 0.0263397121429 0.0 -0.2 27.3429641724
0.0166951904297 0.0276388683319 0.0 -0.2 27.371366024
0.0167758178711 0.0264020452499 0.0 -0.2 27.4000020027
0.0165363769531 0.0267893218994 0.0 -0.2 27.4289400578
0.0161838989258 0.0284962062836 0.0 -0.2 27.4572880268
0.0164235839844 0.0267811431885 0.0 -0.2 27.4861240387
0.0161752319336 0.0279009523392 0.0 -0.2 27.5144901276
0.0159559936523 0.0296294574738 0.0 -0.2 27.5422420502
0.016252746582 0.0285894536972 0.0 -0.2 27.5717890263
0.0161048583984 0.0291201591492 0.0 -0.2 27.600317955
0.0159280395508 0.0308999624252 0.0 -0.2 27.6289279461
0.0161560058594 0.0304227819443 0.0 -0.2 27.6573989391
0.0162182006836 0.031048614502 0.0 -0.2 27.6859459877
0.01630078125 0.0325523996353 0.0 -0.2 27.7146999836
0.0166325683594 0.031043129921 0.0 -0.2 27.7431509495
0.0164658203125 0.0327115058899 0.0 -0.2 27.7715330124
0.0162698974609 0.0346709003448 0.0 -0.2 27.8001921177
0.0163385620117 0.0344762525558 0.0 -0.2 27.8291540146
0.0165374755859 0.0347118864059 0.0 -0.2 27.8572421074
0.01646484375 0.0363685798645 0.0 -0.2 27.8859291077
0.0165015258789 0.0352202215195 0.0 -0.2 27.9145569801
0.0161767578125 0.0368859300613 0.0 -0.2 27.9433801174
0.0161212158203 0.0370509262085 0.0 -0.2 27.9716229439
0.0158756103516 0.0386743345261 0.0 -0.2 28.0004069805
0.0157914428711 0.038898812294 0.0 -0.2 28.0288319588
0.0154680175781 0.0393059539795 0.0 -0.2 28.0578341484
0.0153877563477 0.0387156925201 0.0 -0.2 28.0858690739
0.0148880615234 0.0406458396912 0.0 -0.2 28.1146161556
0.0143751220703 0.0417255249023 0.0 -0.2 28.1432211399
0.0140355224609 0.0408611965179 0.0 -0.2 28.1717550755
0.0135704345703 0.0425293550491 0.0 -0.2 28.2002630234
0.0128394165039 0.0431395750046 0.0 -0.2 28.2287900448
0.0123593139648 0.0416440982819 0.0 -0.2 28.2564320564
0.0117267456055 0.0430099277496 0.0 -0.2 28.2863759995
0.0110209350586 0.0415062294006 0.0 -0.2 28.3216540813
0.010430847168 0.0411221294403 0.0 -0.2 28.3428840637
0.00927532958984 0.0475272111893 0.0 -0.2 28.3719320297
0.00817718505859 0.0472032594681 0.0 -0.2 28.4010140896
0.00704443359375 0.0470642471313 0.0 -0.2 28.4286201
0.00656164550781 0.0471006069183 0.0 -0.2 28.4574990273
0.00548547363281 0.0473383626938 0.0 -0.2 28.4858651161
0.00469525146484 0.0488082523346 0.0 -0.2 28.5148210526
0.0037177734375 0.0476274013519 0.0 -0.2 28.5429871082
0.00258294677734 0.0477646026611 0.0 -0.2 28.5709879398
0.00157153320312 0.0486905021667 0.0 -0.2 28.59998703
0.00049853515625 0.0475065908432 0.0 -0.2 28.6290769577
-0.000550170898437 0.048215010643 0.0 -0.2 28.6576120853
-0.00108612060547 0.0482683496475 0.0 -0.2 28.6860761642
-0.002275390625 0.0484173383713 0.0 -0.2 28.7147800922
-0.00343084716797 0.047914809227 0.0 -0.2 28.743391037
-0.00407965087891 0.0501234912872 0.0 -0.2 28.7720999718
-0.00516491699219 0.0489302215576 0.0 -0.2 28.8003320694
-0.00657531738281 0.0484288339615 0.0 -0.2 28.8288190365
-0.00722222900391 0.0499261007309 0.0 -0.2 28.8577361107
-0.00834521484375 0.0489719867706 0.0 -0.2 28.8858580589
-0.00940093994141 0.0494937925339 0.0 -0.2 28.9148340225
-0.00975036621094 0.0502989673615 0.0 -0.2 28.9433910847
-0.0107383422852 0.0507260551453 0.0 -0.2 28.9715931416
-0.0117178955078 0.0513755235672 0.0 -0.2 29.0003521442
-0.0120893554688 0.0516566143036 0.0 -0.2 29.0285601616
-0.0130280151367 0.0523359041214 0.0 -0.2 29.0575649738
-0.0137798461914 0.0526648101807 0.0 -0.2 29.0861871243
-0.0142296142578 0.0532370204926 0.0 -0.2 29.1145410538
-0.0149779663086 0.0540355672836 0.0 -0.2 29.1429729462
-0.0154866333008 0.0565040206909 0.0 -0.2 29.1715290546
-0.0161083374023 0.0561152744293 0.0 -0.2 29.2003610134
-0.0166940917969 0.0571905126572 0.0 -0.2 29.2282590866
-0.0171889038086 0.058971323967 0.0 -0.2 29.257641077
-0.0176937255859 0.0587559490204 0.0 -0.2 29.2860860825
-0.0183434448242 0.0598638191223 0.0 -0.2 29.3148360252
-0.0191651000977 0.0608396053314 0.0 -0.2 29.3431520462
-0.0195881347656 0.0615569820404 0.0 -0.2 29.371628046
-0.0203302001953 0.0626457462311 0.0 -0.2 29.4001810551
-0.020923034668 0.0644604129791 0.0 -0.2 29.428702116
-0.0216588745117 0.0644654445648 0.0 -0.2 29.457365036
-0.0227158813477 0.0662464666367 0.0 -0.2 29.4858391285
-0.0232751464844 0.0679913949966 0.0 -0.2 29.5145821571
-0.0243082885742 0.0677674598694 0.0 -0.2 29.5434379578
-0.0251951904297 0.0687065200806 0.0 -0.2 29.5716190338
-0.0258536376953 0.0704704217911 0.0 -0.2 29.5993771553
-0.0271242675781 0.0696500005722 0.0 -0.2 29.6291890144
-0.0285854492188 0.0702188138962 0.0 -0.2 29.6574959755
-0.029490234375 0.0717140617371 0.0 -0.2 29.6859850883
-0.0309385986328 0.0714048433304 0.0 -0.2 29.7145600319
-0.0323743286133 0.0725280714035 0.0 -0.2 29.7423400879
-0.0330493164062 0.0736992063522 0.0 -0.2 29.7709300518
-0.034336730957 0.0727808208466 0.0 -0.2 29.7994420528
-0.0366428833008 0.0718490934372 0.0 -0.2 29.829157114
-0.0376782836914 0.0735715522766 0.0 -0.2 29.8571710587
-0.0391209106445 0.0723969364166 0.0 -0.2 29.8864271641
-0.0408654785156 0.072757771492 0.0 -0.2 29.9145441055
-0.041856628418 0.0727117900848 0.0 -0.2 29.9431099892
-0.0435861206055 0.0724666175842 0.0 -0.2 29.9716010094
-0.0452034301758 0.0722431783676 0.0 -0.2 30.00050807
-0.0464680175781 0.0721669969559 0.0 -0.2 30.0284571648
-0.0486475830078 0.0714492416382 0.0 -0.2 30.0572459698
-0.049655456543 0.0724909200668 0.0 -0.2 30.0862491131
-0.0513861694336 0.0713049764633 0.0 -0.2 30.1139090061
-0.0533176269531 0.0709645652771 0.0 -0.2 30.142635107
-0.0539666137695 0.0720242729187 0.0 -0.2 30.1712419987
-0.0559716186523 0.070270236969 0.0 -0.2 30.200067997
-0.0567095336914 0.0713119192123 0.0 -0.2 30.2288770676
-0.0582476196289 0.0720204982758 0.0 -0.2 30.2574591637
-0.0602860107422 0.0703376874924 0.0 -0.2 30.2863080502
-0.0606792602539 0.0714663972855 0.0 -0.2 30.3147120476
-0.0622613525391 0.0719208126068 0.0 -0.2 30.3431990147
-0.061991394043 0.0703520612717 0.0 -0.2 30.3716001511
-0.0613355102539 0.0698674354553 0.0 -0.2 30.4001719952
-0.0604523925781 0.0699981145859 0.0 -0.2 30.4289360046
-0.0601221313477 0.0684267406464 0.0 -0.2 30.4576380253
-0.0593153076172 0.0681825342178 0.0 -0.2 30.4864039421
-0.0588051757813 0.0666406517029 0.0 -0.2 30.5144240856
-0.0579203491211 0.0663080425262 0.0 -0.2 30.5431139469
-0.0569942626953 0.0660089673996 0.0 -0.2 30.5719671249
-0.0562631225586 0.0652122306824 0.0 -0.2 30.5992820263
-0.0552737426758 0.0646689748764 0.0 -0.2 30.628911972
-0.0543729248047 0.0645271015167 0.0 -0.2 30.6575920582
-0.0539371948242 0.0630187673569 0.0 -0.2 30.6861629486
-0.0529797973633 0.0627377166748 0.0 -0.2 30.7139050961
-0.052005065918 0.0623622426987 0.0 -0.2 30.74310112
-0.051540222168 0.0607637968063 0.0 -0.2 30.7714891434
-0.0505390625 0.0603570394516 0.0 -0.2 30.80037117
-0.0493065185547 0.0606486682892 0.0 -0.2 30.8287689686
-0.0487795410156 0.0589721059799 0.0 -0.2 30.857252121
-0.04773046875 0.0585196838379 0.0 -0.2 30.8859059811
-0.0467443847656 0.0577774429321 0.0 -0.2 30.9148499966
-0.0464501342773 0.0561506938934 0.0 -0.2 30.9431841373
-0.0455768432617 0.0555695390701 0.0 -0.2 30.971722126
-0.0447739868164 0.0548136548996 0.0 -0.2 30.9999761581
-0.0444389648438 0.0529432954788 0.0 -0.2 31.0289330482
-0.0436683959961 0.0521062393188 0.0 -0.2 31.0573060513
-0.0430008544922 0.0517254304886 0.0 -0.2 31.0862679482
-0.0425806274414 0.0497957305908 0.0 -0.2 31.1145169735
-0.0419369506836 0.0487587757111 0.0 -0.2 31.1434509754
-0.0416479492188 0.0468054637909 0.0 -0.2 31.1719019413
-0.0410340576172 0.0456809577942 0.0 -0.2 31.2003619671
-0.0405258789063 0.0444880094528 0.0 -0.2 31.2289400101
-0.0402872314453 0.0424966402054 0.0 -0.2 31.2568840981
-0.0398820800781 0.0411827821732 0.0 -0.2 31.2852540016
-0.0394923706055 0.0397358675003 0.0 -0.2 31.3146309853
-0.0389619750977 0.0386417770386 0.0 -0.2 31.3432061672
-0.0386790161133 0.0364682197571 0.0 -0.2 31.3713901043
-0.0382537231445 0.0351223087311 0.0 -0.2 31.3995831013
-0.0380064086914 0.0328618860245 0.0 -0.2 31.4291911125
-0.0374296875 0.0314038648605 0.0 -0.2 31.4574041367
-0.0368521118164 0.0298281517029 0.0 -0.2 31.4862411022
-0.0366161499023 0.0277384672165 0.0 -0.2 31.5145921707
-0.0357661743164 0.0262989263535 0.0 -0.2 31.5431251526
-0.0353287963867 0.0249458580017 0.0 -0.2 31.571652174
-0.0349857177734 0.0227205791473 0.0 -0.2 31.6004869938
-0.0339024047852 0.0218046512604 0.0 -0.2 31.6288540363
-0.0327465209961 0.0207625551224 0.0 -0.2 31.6565461159
-0.0321881713867 0.0185671844482 0.0 -0.2 31.6862561703
-0.0310907592773 0.0174534263611 0.0 -0.2 31.7146270275
-0.030133605957 0.0164364786148 0.0 -0.2 31.7432761192
-0.0296703491211 0.0145737323761 0.0 -0.2 31.7720329762
-0.0285101318359 0.0136599302292 0.0 -0.2 31.8007669449
-0.0263895874023 0.0132880544662 0.0 -0.2 31.8288631439
-0.0257731323242 0.0115149650574 0.0 -0.2 31.8576591015
-0.0244682617188 0.0110155925751 0.0 -0.2 31.885666132
-0.0229634399414 0.0103839406967 0.0 -0.2 31.9144191742
-0.0220397949219 0.00864774799347 0.0 -0.2 31.9430451393
-0.0204431762695 0.00812836933136 0.0 -0.2 31.9717850685
-0.0189502563477 0.00764816665649 0.0 -0.2 32.0003230572
-0.0177562866211 0.00608231735229 0.0 -0.2 32.0289161205
-0.0156636352539 0.00614996814728 0.0 -0.2 32.0577549934
-0.0146917724609 0.00438162899017 0.0 -0.2 32.0861091614
-0.0129340820313 0.0038443031311 0.0 -0.2 32.1146800518
-0.0109325561523 0.00355146980286 0.0 -0.2 32.1434280872
-0.0101268310547 0.00188506412506 0.0 -0.2 32.1717791557
-0.00802886962891 0.00187678146362 0.0 -0.2 32.2002799511
-0.00703173828125 0.000218501091003 0.0 -0.2 32.2289190292
-0.00518145751953 -0.000290644645691 0.0 -0.2 32.2571721077
-0.00290502929688 -0.000451892852783 0.0 -0.2 32.2862479687
-0.00198211669922 -0.00205749511719 0.0 -0.2 32.3145940304
0.0 0.0 0.0 -0.2 32.3431751728
